line Motor1 Motor2 Motor3 Motor4 anglePITCH angleROLL clientPITCH clientROLL clientYAW inputPidPITCH inputPidROLL inputPidYAW outputPidPITCH outputPidROLL outputPidYAW Battery 
0 1050 1050 1050 1050 0 0 0 0 0 0 0 0 0 0 0 71  
1 1050 1050 1050 1050 0 0 0 0 0 0 0 0 0 0 0 71  
2 1050 1050 1050 1050 0 0 0 0 0 0 0 0 0 0 0 71  
3 1050 1050 1050 1050 0 0 0 0 0 0 0 0 0 0 0 71  
4 1050 1050 1050 1050 0 0 0 0 0 0 0 0 0 0 0 71  
5 1050 1050 1050 1050 0 0 0 0 0 0 0 0 0 0 0 71  
6 1050 1050 1050 1050 0 0 0 0 0 0 0 0 0 0 0 71  
7 1050 1050 1050 1050 0 0 0 0 0 0 0 0 0 0 0 71  
8 1050 1050 1050 1050 0 0 0 0 0 0 0 0 0 0 0 71  
9 1050 1050 1050 1050 0 0 0 0 0 0 0 0 0 0 0 71  
10 1050 1050 1050 1050 0 0 0 0 0 0 0 0 0 0 0 71  
11 1050 1050 1050 1050 0 0 0 0 0 0 0 0 0 0 0 71  
12 1050 1050 1050 1050 0 0 0 0 0 0 0 0 0 0 0 71  
13 1050 1050 1050 1050 0 0 0 0 0 0 0 0 0 0 0 71  
14 1050 1050 1050 1050 0 0 0 0 0 0 0 0 0 0 0 71  
15 1050 1050 1050 1050 0 0 0 0 0 0 0 0 0 0 0 71  
16 1050 1050 1050 1050 0 0 0 0 0 0 0 0 0 0 0 71  
17 1050 1050 1050 1050 0 0 0 0 0 0 0 0 0 0 0 71  
18 1050 1050 1050 1050 0 0 0 0 0 0 0 0 0 0 0 71  
19 1050 1050 1050 1050 0 0 0 0 0 0 0 0 0 0 0 71  
20 1050 1050 1050 1050 0 0 0 0 0 0 0 0 0 0 0 71  
21 1050 1050 1050 1050 0 0 0 0 0 0 0 0 0 0 0 71  
22 1050 1050 1050 1050 0 0 0 0 0 0 0 0 0 0 0 71  
23 1050 1050 1050 1050 0 0 0 0 0 0 0 0 0 0 0 71  
24 1050 1050 1050 1050 0 0 0 0 0 0 0 0 0 0 0 71  
25 1050 1050 1050 1050 0 0 0 0 0 0 0 0 0 0 0 71  
26 1050 1050 1050 1050 0 0 0 0 0 0 0 0 0 0 0 71  
27 1050 1050 1050 1050 0 0 0 0 0 0 0 0 0 0 0 71  
28 1050 1050 1050 1050 0 0 0 0 0 0 0 0 0 0 0 71  
29 1050 1050 1050 1050 0 0 0 0 0 0 0 0 0 0 0 71  
30 1050 1050 1050 1050 0 0 0 0 0 0 0 0 0 0 0 71  
31 1050 1050 1050 1050 0 0 0 0 0 0 0 0 0 0 0 71  
32 1050 1050 1050 1050 0 0 0 0 0 0 0 0 0 0 0 71  
33 1050 1050 1050 1050 0 0 0 0 0 0 0 0 0 0 0 71  
34 1050 1050 1050 1050 0 0 0 0 0 0 0 0 0 0 0 71  
35 1050 1050 1050 1050 0 0 0 0 0 0 0 0 0 0 0 71  
36 1050 1050 1050 1050 0 0 0 0 0 0 0 0 0 0 0 71  
37 1050 1050 1050 1050 0 0 0 0 0 0 0 0 0 0 0 71  
38 1050 1050 1050 1050 0 0 0 0 0 0 0 0 0 0 0 71  
39 1050 1050 1050 1050 0 0 0 0 0 0 0 0 0 0 0 71  
40 1050 1050 1050 1050 0 0 0 0 0 0 0 0 0 0 0 71  
41 1050 1050 1050 1050 0 0 0 0 0 0 0 0 0 0 0 71  
42 1050 1050 1050 1050 0 0 0 0 0 0 0 0 0 0 0 71  
43 1050 1050 1050 1050 0 0 0 0 0 0 0 0 0 0 0 71  
44 1050 1050 1050 1050 0 0 0 0 0 0 0 0 0 0 0 71  
45 1050 1050 1050 1050 0 0 0 0 0 0 0 0 0 0 0 71  
46 1050 1050 1050 1050 0 0 0 0 0 0 0 0 0 0 0 71  
47 1050 1050 1050 1050 0 0 0 0 0 0 0 0 0 0 0 71  
48 1050 1050 1050 1050 0 0 0 0 0 0 0 0 0 0 0 71  
49 1050 1050 1050 1050 0 0 0 0 0 0 0 0 0 0 0 71  
50 1050 1050 1050 1050 0 0 0 0 0 0 0 0 0 0 0 71  
51 1050 1050 1050 1050 0 0 0 0 0 0 0 0 0 0 0 71  
52 1050 1050 1050 1050 0 0 0 0 0 0 0 0 0 0 0 71  
53 1050 1050 1050 1050 0 0 0 0 0 0 0 0 0 0 0 71  
54 1050 1050 1050 1050 0 0 0 0 0 0 0 0 0 0 0 71  
55 1050 1050 1050 1050 0 0 0 0 0 0 0 0 0 0 0 71  
56 1050 1050 1050 1050 0 0 0 0 0 0 0 0 0 0 0 71  
57 1050 1050 1050 1050 0 0 0 0 0 0 0 0 0 0 0 71  
58 1050 1050 1050 1050 0 0 0 0 0 0 0 0 0 0 0 71  
59 1050 1050 1050 1050 0 0 0 0 0 0 0 0 0 0 0 71  
60 1050 1050 1050 1050 0 0 0 0 0 0 0 0 0 0 0 71  
61 1050 1050 1050 1050 0 0 0 0 0 0 0 0 0 0 0 71  
62 1050 1050 1050 1050 0 0 0 0 0 0 0 0 0 0 0 71  
63 1050 1050 1050 1050 0 0 0 0 0 0 0 0 0 0 0 71  
64 1050 1050 1050 1050 0 0 0 0 0 0 0 0 0 0 0 71  
65 1050 1050 1050 1050 0 0 0 0 0 0 0 0 0 0 0 71  
66 1050 1050 1050 1050 0 0 0 0 0 0 0 0 0 0 0 71  
67 1050 1050 1050 1050 0 0 0 0 0 0 0 0 0 0 0 71  
68 1050 1050 1050 1050 0 0 0 0 0 0 0 0 0 0 0 71  
69 1050 1050 1050 1050 0 0 0 0 0 0 0 0 0 0 0 71  
70 1050 1050 1050 1050 0 0 0 0 0 0 0 0 0 0 0 71  
71 1050 1050 1050 1050 0 0 0 0 0 0 0 0 0 0 0 71  
72 1050 1050 1050 1050 0 0 0 0 0 0 0 0 0 0 0 71  
73 1050 1050 1050 1050 0 0 0 0 0 0 0 0 0 0 0 71  
74 1050 1050 1050 1050 0 0 0 0 0 0 0 0 0 0 0 71  
75 1050 1050 1050 1050 0 0 0 0 0 0 0 0 0 0 0 71  
76 1050 1050 1050 1050 0 0 0 0 0 0 0 0 0 0 0 71  
77 1050 1050 1050 1050 0 0 0 0 0 0 0 0 0 0 0 71  
78 1050 1050 1050 1050 0 0 0 0 0 0 0 0 0 0 0 71  
79 1050 1050 1050 1050 0 0 0 0 0 0 0 0 0 0 0 71  
80 1050 1050 1050 1050 0 0 0 0 0 0 0 0 0 0 0 71  
81 1050 1050 1050 1050 0 0 0 0 0 0 0 0 0 0 0 71  
82 1050 1050 1050 1050 0 0 0 0 0 0 0 0 0 0 0 71  
83 1050 1050 1050 1050 0 0 0 0 0 0 0 0 0 0 0 71  
84 1050 1050 1050 1050 0 0 0 0 0 0 0 0 0 0 0 71  
85 1050 1050 1050 1050 0 0 0 0 0 0 0 0 0 0 0 71  
86 1050 1050 1050 1050 0 0 0 0 0 0 0 0 0 0 0 71  
87 1050 1050 1050 1050 0 0 0 0 0 0 0 0 0 0 0 71  
88 1050 1050 1050 1050 0 0 0 0 0 0 0 0 0 0 0 71  
89 1050 1050 1050 1050 0 0 0 0 0 0 0 0 0 0 0 71  
90 1050 1050 1050 1050 0 0 0 0 0 0 0 0 0 0 0 71  
91 1050 1050 1050 1050 0 0 0 0 0 0 0 0 0 0 0 71  
92 1050 1050 1050 1050 0 0 0 0 0 0 0 0 0 0 0 71  
93 1050 1050 1050 1050 0 0 0 0 0 0 0 0 0 0 0 71  
94 1050 1050 1050 1050 0 0 0 0 0 0 0 0 0 0 0 71  
95 1050 1050 1050 1050 0 0 0 0 0 0 0 0 0 0 0 71  
96 1050 1050 1050 1050 0 0 0 0 0 0 0 0 0 0 0 71  
97 1050 1050 1050 1050 0 0 0 0 0 0 0 0 0 0 0 71  
98 1050 1050 1050 1050 0 0 0 0 0 0 0 0 0 0 0 71  
99 1050 1050 1050 1050 0 0 0 0 0 0 0 0 0 0 0 71  
100 1050 1050 1050 1050 0 0 0 0 0 0 0 0 0 0 0 71  
101 1050 1050 1050 1050 0 0 0 0 0 0 0 0 0 0 0 71  
102 1050 1050 1050 1050 0 0 0 0 0 0 0 0 0 0 0 71  
103 1050 1050 1050 1050 0 0 0 0 0 0 0 0 0 0 0 71  
104 1050 1050 1050 1050 0 0 0 0 0 0 0 0 0 0 0 71  
105 1050 1050 1050 1050 0 0 0 0 0 0 0 0 0 0 0 71  
106 1050 1050 1050 1050 0 0 0 0 0 0 0 0 0 0 0 71  
107 1050 1050 1050 1050 0 0 0 0 0 0 0 0 0 0 0 71  
108 1050 1050 1050 1050 0 0 0 0 0 0 0 0 0 0 0 71  
109 1050 1050 1050 1050 0 0 0 0 0 0 0 0 0 0 0 71  
110 1050 1050 1050 1050 0 0 0 0 0 0 0 0 0 0 0 71  
111 1050 1050 1050 1050 0 0 0 0 0 0 0 0 0 0 0 71  
112 1050 1050 1050 1050 0 0 0 0 0 0 0 0 0 0 0 71  
113 1050 1050 1050 1050 0 0 0 0 0 0 0 0 0 0 0 71  
114 1050 1050 1050 1050 0 0 0 0 0 0 0 0 0 0 0 71  
115 1050 1050 1050 1050 0 0 0 0 0 0 0 0 0 0 0 71  
116 1050 1050 1050 1050 0 0 0 0 0 0 0 0 0 0 0 71  
117 1050 1050 1050 1050 0 0 0 0 0 0 0 0 0 0 0 71  
118 1050 1050 1050 1050 0 0 0 0 0 0 0 0 0 0 0 71  
119 1050 1050 1050 1050 0 0 0 0 0 0 0 0 0 0 0 71  
120 1050 1050 1050 1050 0 0 0 0 0 0 0 0 0 0 0 71  
121 1050 1050 1050 1050 0 0 0 0 0 0 0 0 0 0 0 71  
122 1050 1050 1050 1050 0 0 0 0 0 0 0 0 0 0 0 71  
123 1050 1050 1050 1050 0 0 0 0 0 0 0 0 0 0 0 71  
124 1050 1050 1050 1050 0 0 0 0 0 0 0 0 0 0 0 71  
125 1050 1050 1050 1050 0 0 0 0 0 0 0 0 0 0 0 71  
126 1050 1050 1050 1050 0 0 0 0 0 0 0 0 0 0 0 71  
127 1050 1050 1050 1050 0 0 0 0 0 0 0 0 0 0 0 71  
128 1050 1050 1050 1050 0 0 0 0 0 0 0 0 0 0 0 71  
129 1050 1050 1050 1050 0 0 0 0 0 0 0 0 0 0 0 71  
130 1050 1050 1050 1050 0 0 0 0 0 0 0 0 0 0 0 71  
131 1050 1050 1050 1050 0 0 0 0 0 0 0 0 0 0 0 71  
132 1050 1050 1050 1050 0 0 0 0 0 0 0 0 0 0 0 71  
133 1050 1050 1050 1050 0 0 0 0 0 0 0 0 0 0 0 71  
134 1050 1050 1050 1050 0 0 0 0 0 0 0 0 0 0 0 71  
135 1050 1050 1050 1050 0 0 0 0 0 0 0 0 0 0 0 71  
