line Motor1 Motor2 Motor3 Motor4 anglePITCH angleROLL clientPITCH clientROLL clientYAW inputPidPITCH inputPidROLL inputPidYAW outputPidPITCH outputPidROLL outputPidYAW Battery 
0 1052 1050 1060 1051 0 0 0 0 0 113 -1775 -1136 311 -4690 -5087 1200  
1 1056 1051 1063 1054 0 0 0 0 0 45 -1927 -1054 -92 -5397 -5918 1187  
2 1066 1061 1077 1065 0 0 0 0 0 192 -1550 -1299 1112 -5578 -8119 1188  
3 1058 1053 1066 1056 0 0 0 0 0 134 -1711 -1045 284 -6126 -8304 1193  
4 1056 1050 1068 1054 0 0 0 0 0 115 -1769 -1262 288 -7269 -10240 1200  
5 1056 1050 1069 1053 0 0 0 0 0 9 -1704 -1312 304 -8330 -11687 1185  
6 1057 1051 1071 1054 0 0 0 0 0 37 -1710 -1192 109 -9254 -12476 1200  
7 1081 1061 1101 1075 0 0 0 0 0 26 -1848 -1162 862 -9620 -13532 1192  
8 1099 1073 1123 1095 0 0 0 0 0 18 -1964 -939 252 -11894 -13700 1185  
9 1118 1091 1141 1113 0 0 0 0 0 253 -1430 -724 268 -11214 -13771 1192  
10 1129 1097 1158 1118 0 0 0 0 0 41 -1478 -1434 1792 -12413 -17702 1181  
11 1131 1096 1157 1123 0 0 0 0 0 92 -1658 -1097 -408 -13161 -17518 1181  
12 1164 1129 1194 1155 0 0 0 0 0 -154 -1841 -1058 887 -13889 -18424 1186  
13 1172 1132 1200 1164 0 0 0 0 0 -238 -1801 -926 -967 -15260 -18959 1182  
14 1213 1173 1245 1199 0 0 0 0 0 94 -1674 -1257 1658 -14473 -21352 1174  
15 1240 1196 1277 1232 0 0 0 0 0 429 -1439 -1159 18 -18308 -22140 1173  
16 1255 1211 1290 1243 0 0 0 0 0 137 -1451 -1148 793 -16869 -23225 1172  
17 1258 1209 1294 1243 0 0 0 0 0 -362 -1827 -1223 380 -17488 -24684 1167  
18 1254 1206 1298 1247 0 0 0 0 0 71 -1719 -1038 722 -21323 -25072 1183  
19 1274 1227 1309 1257 0 0 0 0 0 -142 -1478 -966 1158 -16485 -25881 1173  
20 1298 1241 1343 1293 0 0 0 0 0 -635 -2228 -1222 -2118 -24224 -27968 1171  
21 1330 1273 1366 1309 0 0 0 0 0 -157 -1211 -1108 76 -18022 -28694 1166  
22 1352 1293 1399 1341 0 0 0 0 0 426 -1303 -1010 -92 -23639 -29270 1162  
23 1376 1316 1428 1367 0 0 0 0 0 10 -1914 -988 496 -25700 -30285 1155  
24 1384 1324 1434 1366 0 0 0 0 0 -243 -2623 -1208 2152 -22990 -32259 1169  
25 1386 1318 1434 1370 0 0 0 0 0 -49 -1722 -1123 -1132 -24812 -33025 1157  
26 1386 1326 1447 1377 0 0 0 0 0 156 -1485 -774 2632 -27772 -32602 1161  
27 1420 1343 1466 1422 0 0 0 0 0 -1286 -2584 282 -8171 -31610 -28814 1154  
28 1442 1384 1471 1458 0 0 0 0 0 -3448 -2894 2702 -11288 -26017 -17830 1147  
29 1456 1416 1495 1493 0 0 0 0 0 -4699 -2453 3637 -9357 -29068 -10439 1137  
30 1439 1448 1460 1554 0 0 0 0 0 -7455 -2518 11164 -20788 -32137 25947 1132  
31 1407 1494 1403 1601 0 0 0 0 0 -8725 3646 18850 -27192 -26250 72822 1130  
32 1337 1512 1432 1609 0 0 0 0 0 4362 -10129 19029 2906 -45957 93367 1124  
33 1379 1529 1402 1596 0 0 0 0 0 3047 852 14683 -12138 -23969 92138 1122  
34 1387 1558 1402 1631 0 0 0 0 0 -5733 3190 15838 -17511 -26280 111611 1129  
35 1404 1547 1384 1646 0 0 0 0 0 -12063 -4784 15680 -44618 -33337 127152 1110  
36 1366 1560 1423 1670 0 0 0 0 0 -2472 -7837 11545 -18280 -47006 124302 1116  
37 1346 1595 1433 1571 0 0 0 0 0 19440 11620 8127 28504 -15745 120276 1118  
38 1403 1538 1374 1608 0 0 0 0 0 -12486 1474 6916 -36755 -19720 122482 1115  
39 1390 1554 1360 1604 0 0 0 0 0 -16150 6173 8072 -32747 -18088 135457 1111  
40 1375 1547 1344 1622 0 0 0 0 0 -14357 -3914 8538 -42795 -34956 145152 1108  
41 1377 1531 1359 1605 0 0 0 0 0 -30800 -8941 1427 -47620 -38302 121425 1110  
42 1349 1531 1381 1600 0 0 1266 0 0 -4307 -2299 1808 -28244 -43633 125034 1113  
43 1385 1521 1346 1617 0 0 26766 0 0 6900 3795 3763 -39748 -17079 134967 1107  
44 1334 1622 1343 1609 0 0 26733 0 0 51219 7122 8240 670 -8439 159672 1120  
45 1339 1595 1346 1625 0 0 4166 0 0 24264 8796 5793 -11700 -13023 156336 1117  
46 1358 1605 1309 1612 0 0 0 0 0 5095 14292 6384 -20223 6330 165073 1114  
47 1347 1606 1332 1617 0 0 6066 0 0 10258 6877 3576 -16719 -7963 159162 1120  
48 1352 1620 1312 1645 0 0 0 0 0 5332 406 5338 -25288 3048 169808 1112  
49 1386 1540 1308 1620 0 0 0 0 0 -22846 9679 -372 -52114 -7662 150695 1118  
50 1338 1564 1354 1553 0 0 0 0 0 2251 -3124 -2754 -3233 -10024 138678 1112  
51 1347 1555 1307 1612 0 0 0 0 0 7662 1628 -3586 -26570 -6648 131774 1123  
52 1293 1577 1324 1595 0 0 0 0 0 17469 -453 -1262 3282 -12174 139190 1146  
53 1273 1532 1330 1595 0 0 0 0 0 13544 -8122 -1522 -1770 -29764 136564 1140  
54 1296 1503 1261 1567 0 0 0 0 -866 167 -58 -3789 -25547 -6754 129099 1136  
55 1330 1456 1273 1572 0 0 0 -3166 0 -11572 -2471 -6953 -45253 -14538 107786 1139  
56 1326 1463 1295 1556 0 0 0 -31199 0 -4119 -30241 -6227 -32957 -13602 104150 1136  
57 1342 1455 1286 1559 0 0 0 -61299 0 -7639 -62265 -5554 -46323 -11424 100745 1130  
58 1327 1438 1285 1590 0 0 0 -73333 0 -11414 -78498 -2718 -55976 -28173 108014 1126  
59 1331 1462 1273 1573 0 0 0 -40799 0 -14868 -48926 -1356 -52673 -19168 111260 1118  
60 1377 1477 1234 1549 0 0 0 -9466 0 -8539 5525 -2029 -62636 15422 107421 1117  
61 1356 1506 1287 1502 0 0 0 0 0 6742 13717 -4992 -22203 17799 92245 1115  
62 1427 1546 1234 1445 0 0 0 0 0 8248 33296 -4713 -26332 76113 87290 1114  
63 1440 1551 1221 1477 0 0 0 0 0 481 34803 986 -46596 83784 109216 1114  
64 1467 1532 1188 1508 0 0 0 0 0 -9507 27945 298 -73564 87817 107133 1113  
65 1439 1566 1244 1502 0 0 0 0 0 -1574 14405 -458 -32197 74216 103358 1109  
66 1366 1635 1289 1487 0 0 0 0 0 29459 6282 5187 14893 59574 128707 1120  
67 1382 1636 1256 1554 0 0 0 0 0 11321 4107 7735 -12986 56923 144861 1122  
68 1683 1207 1690 1341 0 0 0 0 0 -44036 -32892 -123543 -61151 -65569 -312183 1076  
69 1609 1194 1709 1313 0 0 0 0 0 12269 -59509 -48503 -64 -75172 -231384 1083  
70 1504 1422 1502 1420 0 0 0 0 0 22103 -12225 3008 -2265 2802 -41879 1099  
71 1421 1478 1441 1513 0 0 0 0 0 11330 -5787 19148 -1475 -15786 34482 1112  
72 1372 1554 1365 1574 0 0 0 0 0 9061 -1666 29992 -10010 92 103039 1111  
73 1365 1583 1312 1592 0 0 0 0 0 5559 2677 28220 -16263 11766 126638 1118  
74 1575 1356 1513 1476 0 0 0 0 0 -48613 -8185 -52608 -67457 -28229 -114062 1103  
75 1323 1296 1853 1378 0 0 0 0 0 151441 -191511 -69678 169854 -249771 -201387 1125  
76 1277 1067 1979 1304 0 0 0 0 -866 197624 -502515 -86149 175453 -400000 -382295 1156  
77 1723 1472 1360 1517 0 0 0 0 0 -245544 48475 19792 -194762 87540 -58932 1168  
78 1234 1491 1802 1609 0 0 0 0 0 107446 16183 48985 186197 -252621 73033 1164  
79 1199 1101 1959 1582 0 0 0 0 0 3750 -2864 -2093 70060 -313402 -121869 1153  
80 1192 1087 1965 1600 0 0 0 0 0 524 -1112 -770 65404 -321591 -117545 1152  
81 1191 1085 1968 1598 0 0 0 0 0 358 -746 -902 66209 -322679 -119122 1154  
82 1192 1083 1969 1598 0 0 0 0 0 106 -770 -1046 65978 -323328 -120619 1151  
83 1196 1081 1968 1598 0 0 0 0 0 -110 -781 -951 63703 -322263 -121270 1158  
84 1192 1080 1974 1597 0 0 0 0 0 308 -1046 -1051 66571 -325229 -122701 1155  
85 1198 1081 1968 1595 0 0 0 0 0 51 -535 -1015 64619 -321850 -123514 1161  
86 1196 1078 1974 1595 0 0 0 0 0 29 -710 -1079 65786 -324518 -124782 1165  
87 1198 1077 1973 1594 0 0 0 0 0 -114 -620 -975 65000 -323844 -125452 1167  
