line Motor1 Motor2 Motor3 Motor4 anglePITCH angleROLL clientPITCH clientROLL clientYAW inputPidPITCH inputPidROLL inputPidYAW outputPidPITCH outputPidROLL outputPidYAW Battery 
0 1053 1051 1058 1053 0 0 0 0 0 -63 -1491 -860 -102 -3976 -3833 1145  
1 1052 1050 1058 1051 0 0 0 0 0 19 -1308 -899 -44 -3762 -4855 1144  
2 1052 1050 1059 1051 0 0 0 0 0 -89 -1452 -793 -297 -4839 -5360 1145  
3 1053 1050 1060 1052 0 0 0 0 0 -20 -1289 -782 -31 -4576 -6081 1146  
4 1053 1050 1062 1051 0 0 0 0 0 -78 -1248 -945 -253 -5763 -7615 1146  
5 1053 1050 1064 1050 0 0 0 0 0 1 -1285 -929 -95 -6380 -8466 1146  
6 1053 1050 1065 1051 0 0 0 0 0 -5 -1409 -885 -137 -7135 -9181 1146  
7 1053 1050 1067 1051 0 0 0 0 0 3 -1323 -892 -123 -7719 -10121 1146  
8 1053 1050 1068 1050 0 0 0 0 0 47 -1250 -874 -36 -8235 -10940 1145  
9 1058 1050 1075 1055 0 0 0 0 0 -39 -1210 -759 -149 -8985 -11276 1146  
10 1082 1059 1100 1077 0 0 0 0 0 -27 -1243 -706 -99 -9158 -11828 1145  
11 1109 1083 1129 1103 0 0 0 0 0 -18 -1132 -816 -172 -9756 -13061 1144  
12 1129 1100 1149 1122 0 0 0 0 0 -3 -1241 -871 -239 -10379 -14053 1143  
13 1128 1099 1151 1122 0 0 0 0 0 5 -1226 -772 -40 -11721 -14493 1142  
14 1129 1098 1153 1121 0 0 0 0 0 56 -1114 -864 192 -11778 -15668 1142  
15 1130 1097 1153 1120 0 0 0 0 0 -45 -1218 -869 -234 -11565 -16557 1142  
16 1134 1100 1160 1127 0 0 0 0 0 51 -1162 -739 -273 -13437 -16884 1142  
17 1160 1124 1188 1151 0 0 0 0 0 18 -1283 -821 261 -13856 -17954 1139  
18 1176 1139 1203 1167 0 0 0 0 0 18 -1233 -732 -381 -13511 -18397 1140  
19 1197 1157 1225 1188 0 0 0 0 0 -66 -1115 -750 -714 -14780 -19233 1138  
20 1198 1159 1231 1192 0 0 0 0 0 -83 -1423 -667 177 -16282 -19546 1137  
21 1201 1158 1231 1190 0 0 0 0 0 -66 -1097 -777 -526 -15270 -20773 1137  
22 1200 1160 1236 1193 0 0 0 0 0 138 -1465 -690 318 -17726 -21221 1137  
23 1224 1181 1258 1213 0 0 0 0 0 88 -1176 -791 628 -16432 -22207 1135  
24 1251 1205 1288 1242 0 0 0 0 0 -201 -1340 -857 -657 -19038 -23364 1132  
25 1270 1223 1307 1262 0 0 0 0 0 210 -1444 -598 -621 -18976 -23039 1129  
26 1269 1227 1309 1260 0 0 0 0 0 -115 -1340 -671 292 -19470 -23959 1129  
27 1269 1222 1312 1259 0 0 0 0 0 680 -1078 -927 1030 -20458 -25770 1129  
28 1275 1225 1318 1268 0 0 0 0 0 -239 -1106 -633 -177 -21789 -25429 1129  
29 1308 1251 1339 1292 0 0 0 0 0 -897 -1025 -574 -2275 -18309 -25784 1125  
30 1329 1273 1374 1320 0 0 0 0 0 468 -1779 -854 -397 -23101 -27596 1123  
31 1358 1304 1398 1342 0 0 0 0 0 66 -574 -629 356 -19370 -27454 1118  
32 1385 1327 1425 1373 0 0 0 0 0 -578 -771 -493 -1262 -21506 -27512 1117  
33 1399 1343 1446 1388 0 0 0 0 0 -358 -796 -598 391 -22965 -28503 1110  
34 1421 1359 1467 1414 0 0 0 0 0 -663 -1298 -552 -2535 -25481 -28911 1108  
35 1425 1369 1472 1411 0 0 0 0 0 737 -212 -451 1705 -22620 -28842 1105  
36 1429 1372 1471 1411 0 0 0 0 0 732 -2630 -149 2379 -21872 -27928 1105  
37 1414 1361 1485 1416 0 0 0 0 0 1986 -2232 -632 4132 -31637 -30313 1105  
38 1425 1380 1490 1416 0 0 0 0 0 3321 -3649 -173 8071 -26298 -28874 1108  
39 1462 1395 1511 1455 0 0 0 0 0 -1010 -964 -125 -1411 -29041 -28967 1108  
40 1482 1425 1531 1487 0 0 0 0 0 -1829 764 669 -3052 -27948 -25341 1109  
41 1508 1466 1539 1497 0 0 0 0 0 4 2855 1667 1404 -16623 -20689 1106  
42 1453 1486 1517 1555 0 0 0 0 0 -169 -2887 9892 -1220 -33406 17725 1101  
43 1423 1542 1467 1580 0 0 0 0 0 688 1182 16601 1440 -20526 58193 1097  
44 1404 1547 1422 1640 0 0 0 0 0 -7771 -1254 19865 -18551 -27818 90658 1102  
45 1431 1562 1416 1602 0 0 0 0 0 -7659 9079 12906 -13924 -6259 79171 1102  
46 1425 1543 1424 1619 0 0 0 0 0 -1799 2065 10110 -19616 -18905 78695 1102  
47 1450 1559 1382 1618 0 0 0 0 0 -13649 10644 10217 -34919 2336 89774 1096  
48 1454 1527 1392 1614 0 0 0 0 0 -12253 2182 6022 -41108 -8883 81467 1088  
49 1437 1555 1442 1582 0 0 0 0 0 1906 3751 1336 -6520 -6742 65719 1083  
50 1378 1556 1517 1561 0 0 0 0 0 21416 -9111 -1210 33521 -36275 55511 1091  
51 1384 1550 1500 1584 0 0 133 0 0 17973 -13202 1056 21739 -38921 64289 1089  
52 1424 1535 1447 1607 0 0 16666 0 0 8902 1916 1694 -12424 -23670 67818 1084  
53 1344 1587 1496 1595 0 0 7466 0 0 25744 -8727 5627 39145 -43330 87749 1089  
54 1369 1580 1440 1602 0 0 0 0 -2100 1380 518 3611 12876 -23514 93731 1090  
55 1404 1541 1455 1621 0 0 0 0 -500 -2881 -2953 221 -5827 -31512 77370 1080  
56 1518 1545 1427 1629 0 0 0 0 0 -19515 10038 -2954 -45292 -251 61391 1066  
57 1472 1519 1542 1673 0 0 0 0 0 -12180 -14064 -3876 -25909 -61046 53762 1066  
58 1458 1537 1551 1687 0 0 0 0 0 -4763 -28092 467 -24984 -71043 68937 1060  
59 1441 1565 1506 1722 0 0 0 0 0 -10220 -16342 8341 -32281 -65433 105325 1055  
60 1480 1615 1500 1718 0 0 0 0 0 -3885 -2467 7308 -32839 -42150 109646 1058  
61 1493 1614 1514 1753 0 0 0 0 0 -9688 -6492 6196 -43437 -54207 111567 1054  
62 1487 1649 1508 1739 0 0 0 0 0 -2574 1212 6222 -28903 -39117 118239 1054  
63 1484 1660 1504 1686 0 0 0 0 0 4870 14768 5557 -10524 -20633 121396 1055  
64 1497 1658 1481 1738 0 0 0 0 0 -3060 4928 6458 -32917 -28400 130587 1049  
65 1471 1659 1479 1706 0 0 0 0 0 2043 7076 4195 -20671 -22703 127703 1057  
66 1468 1622 1490 1691 0 0 0 0 0 259 4243 877 -23049 -34598 116449 1055  
67 1463 1653 1454 1693 0 0 0 0 0 2503 9771 1523 -15740 -11184 120165 1054  
68 1452 1635 1472 1672 0 0 0 0 0 5080 5979 58 -13177 -20719 115213 1057  
69 1441 1640 1475 1693 0 0 0 0 0 6161 2197 491 -8768 -23705 117113 1054  
70 1430 1640 1463 1679 0 0 0 0 0 2571 5000 331 -8033 -23207 116909 1058  
71 1424 1627 1461 1670 0 0 0 0 0 4618 2335 372 -5401 -20797 117041 1060  
72 1408 1609 1441 1666 0 0 0 0 0 3175 -278 -1434 -7554 -24876 109641 1067  
73 1359 1582 1430 1648 0 0 0 0 -299 4729 487 -890 715 -34550 112038 1072  
74 1355 1588 1372 1596 0 0 0 0 -2299 6755 4945 -2222 2356 -6343 114598 1082  
75 1352 1552 1373 1567 0 0 0 0 0 2357 8001 -3307 1733 -9129 98579 1088  
76 1318 1568 1387 1570 0 0 0 0 0 10531 3166 -523 16916 -17951 108485 1093  
77 1335 1573 1376 1564 0 0 0 0 0 6849 4012 -603 13024 -8272 107368 1091  
78 1307 1564 1402 1573 0 0 0 0 0 6794 -2215 -456 21778 -26389 107604 1091  
79 1318 1553 1402 1575 0 0 0 0 0 5199 -4660 -1272 16591 -27506 103310 1093  
80 1318 1537 1395 1595 0 0 0 0 0 -1998 -5261 -665 4895 -33678 104831 1090  
81 1303 1534 1405 1603 0 0 0 0 0 503 -8269 3 8670 -42866 107367 1093  
82 1306 1549 1381 1614 0 0 0 -6800 -8366 680 -8699 -5671 3687 -35934 121197 1089  
83 1386 1456 1425 1583 0 0 0 -40033 -299 -11833 -45591 -11828 -23129 -40476 58180 1085  
84 1418 1434 1402 1593 0 0 0 -68433 0 -21211 -69455 -10206 -44096 -35030 52521 1084  
85 1460 1364 1395 1624 0 0 0 -67199 0 -29049 -74697 -12118 -81260 -48638 33334 1089  
86 1510 1481 1321 1535 0 0 0 -41599 0 -22502 -16751 -6270 -61927 34713 47228 1086  
87 1494 1486 1364 1507 0 0 0 -15999 0 -3327 13226 -7865 -39149 28161 34763 1087  
88 1399 1627 1415 1433 0 0 0 0 0 33627 24059 1857 50091 46616 69038 1092  
89 1546 1667 1212 1474 0 0 0 0 0 -4091 61138 10119 -46568 143156 109573 1092  
90 1566 1660 1181 1497 0 0 0 0 0 -26550 58110 10025 -69770 153143 118964 1087  
91 1522 1606 1190 1553 0 0 0 0 0 -14900 21792 7579 -76750 103349 118946 1094  
92 1405 1648 1291 1502 0 0 0 0 0 10061 4746 4934 7623 65661 113777 1087  
93 1364 1470 1339 1736 0 0 0 0 0 24510 -62445 34004 -79446 -55219 191671 1071  
94 1369 1537 1352 1588 0 0 0 0 0 -9113 -32282 -6370 -16335 -9459 101643 1086  
95 1415 1496 1341 1592 0 0 0 0 0 -3441 -14978 -9148 -42540 -5404 83117 1090  
96 1277 1673 1332 1592 0 0 0 0 0 43939 -578 22059 52288 15837 205434 1083  
97 1164 1531 1336 1866 0 0 0 0 0 -17622 -76683 54821 -41334 -192701 305502 1079  
98 1190 1447 1314 1885 0 0 0 0 0 -30930 -101920 12755 -99798 -171785 246278 1104  
99 1123 1527 1287 1920 0 0 0 0 0 -19180 -38917 14717 -56105 -152613 274833 1114  
