line Motor1 Motor2 Motor3 Motor4 anglePITCH angleROLL clientPITCH clientROLL clientYAW inputPidPITCH inputPidROLL inputPidYAW outputPidPITCH outputPidROLL outputPidYAW Battery 
0 1051 1051 1052 1052 0 0 0 0 0 93 -675 -139 201 -1589 -637 1190  
1 1051 1051 1053 1052 0 0 0 0 0 113 -559 -200 267 -1094 -1041 1189  
2 1051 1050 1052 1051 0 0 0 0 0 124 -573 -214 283 -1140 -1297 1190  
3 1051 1050 1053 1051 0 0 0 0 0 126 -471 -270 196 -964 -1773 1191  
4 1051 1050 1053 1051 0 0 0 0 0 126 -641 -149 162 -1550 -1516 1191  
5 1051 1050 1053 1050 0 0 0 0 0 102 -516 -199 419 -829 -1901 1191  
6 1051 1050 1053 1051 0 0 0 0 0 113 -569 -117 130 -923 -1708 1191  
7 1051 1050 1053 1051 0 0 0 0 0 152 -465 -240 265 -1110 -2363 1191  
8 1052 1050 1053 1050 0 0 0 0 0 136 -363 -263 385 -543 -2704 1190  
9 1052 1050 1054 1050 0 0 0 0 0 106 -378 -227 174 -967 -2798 1190  
10 1052 1050 1053 1050 0 0 0 0 0 154 -259 -204 326 -273 -2930 1190  
11 1052 1050 1054 1050 0 0 0 0 0 82 -471 -206 88 -986 -3158 1190  
12 1052 1050 1054 1050 0 0 0 0 0 85 -468 -186 154 -1208 -3261 1191  
13 1053 1050 1054 1050 0 0 0 0 0 -5 -407 -199 37 -554 -3529 1191  
14 1053 1050 1055 1050 0 0 0 0 0 44 -437 -213 34 -858 -3810 1191  
15 1053 1050 1054 1050 0 0 0 0 0 56 -364 -197 39 -875 -3914 1190  
16 1053 1050 1055 1051 0 0 0 0 0 114 -503 -211 294 -1142 -4166 1190  
17 1053 1050 1054 1050 0 0 0 0 0 110 -331 -107 277 -466 -3879 1191  
18 1053 1050 1054 1050 0 0 0 0 0 81 -339 -126 160 -580 -4144 1190  
19 1054 1050 1055 1050 0 0 0 0 0 119 -324 -261 189 -797 -4891 1190  
20 1053 1050 1055 1050 0 0 0 0 0 129 -409 -167 276 -930 -4718 1191  
21 1053 1050 1055 1050 0 0 0 0 0 130 -426 -136 231 -808 -4689 1191  
22 1054 1050 1055 1050 0 0 0 0 0 127 -365 -194 393 -780 -5137 1190  
23 1054 1050 1056 1050 0 0 0 0 0 120 -344 -268 160 -563 -5692 1190  
24 1055 1050 1056 1050 0 0 0 0 0 31 -417 -272 52 -780 -5935 1190  
25 1054 1050 1056 1050 0 0 0 0 0 55 -456 -226 140 -898 -5996 1190  
26 1054 1050 1056 1050 0 0 0 0 0 99 -316 -137 228 -783 -5827 1190  
27 1055 1050 1056 1050 0 0 0 0 0 71 -298 -103 88 -393 -5798 1190  
28 1055 1050 1056 1050 0 0 0 0 0 73 -381 -199 32 -735 -6378 1191  
29 1055 1050 1057 1050 0 0 0 0 0 124 -289 -289 329 -882 -6969 1191  
30 1055 1050 1056 1050 0 0 0 0 0 58 -345 -92 174 -124 -6344 1190  
31 1072 1060 1074 1061 0 0 0 0 0 136 -287 -201 253 -819 -6973 1190  
32 1106 1094 1108 1094 0 0 0 0 0 128 -298 -66 586 -307 -6548 1189  
33 1135 1122 1137 1124 0 0 0 0 0 32 -247 -43 -149 -1088 -6537 1188  
34 1157 1142 1159 1145 0 0 0 0 0 143 -327 -195 -133 -1040 -7258 1186  
35 1174 1161 1175 1160 0 0 0 0 0 92 -364 -59 577 -17 -6763 1185  
36 1183 1170 1185 1171 0 0 0 0 0 291 -190 -29 230 -974 -6744 1185  
37 1195 1184 1195 1179 0 0 0 0 0 19 -214 -90 1111 1103 -7044 1185  
38 1201 1185 1204 1192 0 0 0 0 0 -63 -481 -55 -935 -2304 -6996 1184  
39 1213 1200 1213 1200 0 0 0 0 0 8 -209 69 25 -365 -6447 1183  
40 1217 1202 1218 1203 0 0 0 0 0 244 -244 -202 -124 -395 -7607 1183  
41 1220 1207 1222 1206 0 0 0 0 0 -279 -434 -76 663 -322 -7280 1182  
42 1227 1211 1230 1215 0 0 0 0 0 240 -354 -75 -237 -1684 -7340 1182  
43 1234 1223 1234 1221 0 0 0 0 0 -62 -540 160 401 493 -6411 1180  
44 1238 1222 1244 1230 0 0 0 0 0 56 -586 -142 -517 -3344 -7525 1181  
45 1258 1246 1259 1244 0 0 0 0 0 342 16 78 352 318 -6686 1179  
46 1281 1251 1279 1256 0 0 0 0 0 -469 -529 -1699 -1611 -786 -14006 1178  
47 1306 1267 1308 1265 0 0 0 0 0 55 -148 -2726 923 -234 -20889 1175  
48 1320 1288 1322 1280 0 0 0 0 0 454 189 -1768 2005 1302 -19622 1173  
49 1324 1298 1327 1296 0 0 0 0 0 470 -1043 -774 -147 -2029 -16063 1171  
50 1343 1315 1350 1317 0 0 0 0 0 1428 130 -861 2987 -668 -17955 1167  
51 1367 1319 1366 1321 0 0 0 0 0 -329 647 -2155 -631 -18 -24528 1170  
52 1370 1347 1369 1346 0 0 0 0 0 -402 -38 847 801 1333 -13037 1168  
53 1389 1359 1388 1363 0 0 0 0 0 202 -501 553 -1150 -780 -14016 1165  
54 1390 1390 1388 1388 0 0 0 0 0 253 506 3460 20 809 -85 1163  
55 1387 1418 1385 1424 0 0 0 0 0 -675 -521 6595 -1782 -934 17387 1161  
56 1384 1435 1387 1441 0 0 0 0 0 -68 -1186 6997 -433 -2293 26223 1157  
57 1373 1469 1382 1467 0 0 0 0 0 946 266 9662 2811 -1768 44925 1156  
58 1368 1495 1344 1498 0 0 0 0 0 -2402 208 13098 -6730 5169 70164 1157  
59 1368 1481 1376 1507 0 0 0 0 0 -2466 -3314 7960 -4480 -8616 61194 1158  
60 1409 1473 1393 1485 0 0 0 0 0 -2969 -825 1484 -6930 1060 38954 1158  
61 1440 1454 1416 1495 0 0 0 0 0 -7565 -331 -2413 -16246 -4238 23296 1150  
62 1456 1467 1436 1474 0 0 0 0 0 -5493 223 -4510 -8081 2038 11133 1150  
63 1368 1357 1336 1422 0 0 0 0 0 -12136 -2980 -1770 -24189 -8159 18225 1158  
64 1234 1437 1315 1285 0 0 0 0 0 32648 7875 6352 66045 19830 52214 1159  
65 1157 1288 1168 1284 0 0 0 0 0 -1520 -1197 10489 8511 -4056 78460 1164  
66 1077 1174 1068 1189 0 0 0 0 0 692 379 6682 -7860 552 72481 1175  
67 1059 1127 1060 1133 0 0 0 0 0 232 -19 -627 -1586 -3640 45470 1180  
68 1051 1105 1051 1102 0 0 0 0 0 613 -333 -55 2323 139 47613 1181  
69 1050 1109 1050 1107 0 0 0 0 0 204 -374 20 77 -1116 47961 1182  
70 1050 1100 1050 1099 0 0 0 0 0 230 -106 -45 0 -332 47715 1182  
71 1050 1097 1050 1097 0 0 0 0 0 181 -143 -67 889 31 47496 1182  
72 1050 1095 1050 1098 0 0 0 0 0 118 -289 -44 -9 -1106 47567 1183  
73 1050 1096 1050 1097 0 0 0 0 0 149 -354 -110 254 -713 47262 1183  
74 1050 1096 1050 1095 0 0 0 0 0 55 -75 -164 38 249 46874 1183  
75 1050 1096 1050 1096 0 0 0 0 0 173 -211 -197 441 -450 46608 1183  
76 1050 1095 1050 1097 0 0 0 0 0 36 -275 -62 133 -846 46997 1183  
77 1050 1096 1050 1096 0 0 0 0 0 139 -308 -149 32 -16 46515 1183  
78 1050 1095 1050 1096 0 0 0 0 0 157 -130 -100 585 -694 46591 1184  
79 1050 1095 1050 1096 0 0 0 0 0 192 -356 -154 280 -907 46263 1184  
80 1050 1096 1050 1095 0 0 0 0 0 120 -163 3 379 -102 46806 1184  
81 1050 1095 1050 1095 0 0 0 0 0 152 -246 -145 2 -162 46108 1184  
82 1050 1094 1050 1096 0 0 0 0 0 74 -329 -92 209 -1142 46242 1184  
83 1050 1095 1050 1095 0 0 0 0 0 67 -176 -60 195 93 46250 1184  
84 1050 1095 1050 1095 0 0 0 0 0 122 -181 -137 105 -403 45872 1183  
85 1050 1095 1050 1096 0 0 0 0 0 94 -229 66 360 -871 46676 1184  
86 1050 1095 1050 1094 0 0 0 0 0 60 -255 -149 44 254 45749 1185  
87 1050 1093 1050 1096 0 0 0 0 0 59 -311 -106 -14 -1490 45788 1185  
88 1050 1096 1050 1095 0 0 0 0 0 57 -234 25 557 -215 46277 1185  
89 1050 1095 1050 1095 0 0 0 0 0 135 -202 -54 -64 60 45860 1185  
90 1050 1094 1050 1095 0 0 0 0 0 144 -77 -214 619 -1147 45156 1185  
91 1050 1095 1050 1095 0 0 0 0 0 71 -280 -38 -140 357 45751 1185  
92 1050 1093 1050 1094 0 0 0 0 0 116 -124 -287 172 -594 44585 1185  
93 1050 1095 1050 1095 0 0 0 0 0 109 -33 42 330 -136 45806 1185  
94 1050 1094 1050 1094 0 0 0 0 0 133 -265 -218 375 -322 44645 1185  
95 1050 1094 1050 1094 0 0 0 0 0 79 -169 -101 -94 -310 44955 1185  
96 1050 1093 1050 1094 0 0 0 0 0 74 -243 -154 142 -832 44656 1185  
97 1050 1094 1050 1094 0 0 0 0 0 6 -180 -65 344 -580 44873 1185  
98 1050 1094 1050 1094 0 0 0 0 0 100 -177 -4 -96 466 45088 1185  
99 1050 1092 1050 1094 0 0 0 0 0 55 -185 -284 112 -875 43823 1185  
100 1050 1094 1050 1095 0 0 0 0 0 13 -301 47 157 -593 45017 1186  
101 1050 1092 1050 1094 0 0 0 0 0 123 -398 -244 183 -1074 43720 1186  
102 1050 1094 1050 1093 0 0 0 0 0 121 -185 -55 89 653 44344 1186  
103 1050 1092 1050 1094 0 0 0 0 0 64 -206 -130 347 -1718 43972 1185  
104 1050 1094 1050 1094 0 0 0 0 0 46 -343 9 -8 -102 44472 1186  
105 1050 1092 1050 1092 0 0 0 0 0 15 -204 -314 37 -123 43009 1186  
106 1050 1093 1050 1093 0 0 0 0 0 7 -166 -3 -253 -37 44093 1186  
107 1050 1091 1050 1093 0 0 0 0 0 89 -339 -232 690 -1759 43072 1186  
108 1050 1093 1050 1092 0 0 0 0 0 58 -260 -75 -56 564 43538 1186  
109 1050 1091 1050 1092 0 0 0 0 0 83 -9 -266 196 -437 42577 1185  
110 1050 1092 1050 1092 0 0 0 0 0 83 34 -101 -19 224 43115 1186  
111 1050 1091 1050 1092 0 0 0 0 0 88 -162 -132 549 -1052 42861 1186  
112 1050 1092 1050 1091 0 0 0 0 0 96 -102 -207 62 363 42339 1186  
113 1050 1091 1050 1092 0 0 0 0 0 -16 -62 -93 -78 -95 42661 1186  
114 1050 1090 1050 1092 0 0 0 0 0 54 -365 -150 -98 -760 42342 1186  
115 1050 1091 1050 1091 0 0 0 0 0 28 -66 -229 132 -33 41873 1186  
116 1050 1091 1050 1091 0 0 0 0 0 103 -18 -170 497 -754 41830 1186  
117 1050 1091 1050 1090 0 0 0 0 0 54 -118 -203 83 473 41521 1187  
118 1050 1091 1050 1090 0 0 0 0 0 43 -99 -147 -38 206 41559 1187  
119 1050 1089 1050 1091 0 0 0 0 0 31 -317 -216 1 -993 41108 1186  
120 1050 1089 1050 1091 0 0 0 0 0 -5 -261 -140 -187 -611 41280 1186  
121 1050 1089 1050 1091 0 0 0 0 0 30 -214 -184 119 -757 40930 1187  
122 1050 1089 1050 1090 0 0 0 0 0 125 -328 -177 637 -1063 40794 1186  
123 1050 1090 1050 1089 0 0 0 0 0 44 -107 -147 -62 388 40716 1187  
124 1050 1090 1050 1089 0 0 0 0 0 12 -121 -166 50 121 40463 1186  
125 1050 1088 1050 1089 0 0 0 0 0 65 -77 -339 116 -205 39552 1187  
126 1050 1088 1050 1090 0 0 0 0 0 49 -197 -148 -286 -610 40068 1187  
127 1050 1089 1050 1089 0 0 0 0 0 -26 -222 -171 3 219 39820 1187  
128 1050 1088 1050 1090 0 0 0 0 0 26 -138 -150 21 -1116 39703 1186  
129 1050 1088 1050 1089 0 0 0 0 0 111 -312 -187 503 -934 39413 1187  
130 1050 1088 1050 1089 0 0 0 0 0 -2 -360 -111 -80 -507 39560 1187  
131 1050 1088 1050 1088 0 0 0 0 0 67 -263 -149 182 -256 39265 1187  
132 1050 1088 1050 1088 0 0 0 0 0 76 -83 -127 413 -522 39197 1187  
133 1050 1087 1050 1088 0 0 0 0 0 24 -102 -294 -40 -666 38362 1187  
134 1050 1088 1050 1088 0 0 0 0 0 48 -237 -163 -90 106 38649 1186  
135 1050 1088 1050 1088 0 0 0 0 0 53 -253 -103 161 -269 38719 1187  
136 1050 1088 1050 1087 0 0 0 0 0 88 -75 -153 270 128 38377 1187  
137 1050 1086 1050 1087 0 0 0 0 0 46 -90 -304 112 -883 37557 1187  
138 1050 1087 1050 1087 0 0 0 0 0 28 -189 -218 220 -275 37680 1187  
139 1050 1087 1050 1086 0 0 0 0 0 75 -43 -237 -19 288 37355 1187  
140 1050 1086 1050 1086 0 0 0 0 0 63 -112 -244 80 -57 37073 1187  
141 1050 1086 1050 1086 0 0 0 0 0 0 -104 -248 -89 -94 36785 1187  
