line Motor1 Motor2 Motor3 Motor4 anglePITCH angleROLL clientPITCH clientROLL clientYAW inputPidPITCH inputPidROLL inputPidYAW outputPidPITCH outputPidROLL outputPidYAW Battery 
0 1052 1050 1057 1052 0 0 0 0 0 34 -1229 -842 152 -3128 -3777 1167  
1 1052 1050 1057 1052 0 0 0 0 0 37 -1375 -785 82 -3790 -4398 1166  
2 1052 1050 1059 1052 0 0 0 0 0 -6 -1340 -781 -43 -4523 -5199 1167  
3 1051 1050 1060 1052 0 0 0 0 0 -35 -1610 -755 -308 -5874 -5841 1169  
4 1051 1050 1062 1053 0 0 0 0 0 104 -1324 -740 1051 -5081 -6496 1169  
5 1052 1050 1063 1056 0 0 0 0 0 -49 -1569 -796 -899 -7493 -7474 1168  
6 1052 1050 1065 1053 0 0 0 0 0 17 -1355 -731 206 -7324 -8006 1168  
7 1052 1050 1066 1052 0 0 0 0 0 27 -1316 -711 564 -7274 -8681 1169  
8 1053 1050 1067 1055 0 0 0 0 0 -59 -1084 -710 -671 -8617 -9390 1168  
9 1067 1053 1085 1066 0 0 0 0 0 -14 -1160 -667 167 -8776 -9904 1168  
10 1093 1072 1111 1090 0 0 0 0 0 89 -1038 -674 97 -8808 -10598 1167  
11 1098 1077 1119 1094 0 0 0 0 0 22 -1216 -646 1020 -9560 -11123 1167  
12 1098 1077 1117 1097 0 0 0 0 0 127 -1161 -374 -195 -10024 -10559 1167  
13 1104 1081 1128 1103 0 0 0 0 0 -41 -1111 -593 390 -11838 -11895 1167  
14 1133 1107 1155 1129 0 0 0 0 0 19 -1023 -680 -135 -10812 -12880 1165  
15 1160 1132 1183 1157 0 0 0 0 0 58 -1167 -614 -496 -12117 -13287 1163  
16 1187 1158 1211 1184 0 0 0 0 0 0 -1045 -664 -475 -12329 -14076 1161  
17 1195 1172 1225 1192 0 0 0 0 0 77 -1153 -634 2534 -12667 -14650 1159  
18 1196 1172 1224 1197 0 0 0 0 0 -234 -1150 -638 -49 -14219 -15325 1158  
19 1198 1170 1223 1194 0 0 0 0 0 165 -933 -529 -697 -13500 -15447 1159  
20 1211 1192 1239 1206 0 0 0 0 0 -36 -615 -695 1128 -12788 -16723 1158  
21 1228 1198 1263 1236 0 0 0 0 0 -70 -1054 -770 -1911 -19292 -17736 1156  
22 1257 1230 1285 1246 0 0 0 0 0 463 -1088 -659 2639 -11411 -18025 1154  
23 1268 1230 1299 1266 0 0 0 0 0 -535 -878 -642 -1820 -17202 -18581 1152  
24 1267 1246 1300 1264 0 0 0 0 0 25 -936 -509 24 -16400 -18682 1152  
25 1269 1240 1300 1260 0 0 0 0 0 132 -512 -546 1492 -13828 -19432 1151  
26 1267 1217 1305 1271 0 0 0 0 0 -735 -1986 -816 -4169 -23216 -21128 1153  
27 1276 1237 1311 1264 0 0 0 0 0 -185 -1354 -766 2146 -15367 -21699 1152  
28 1302 1254 1339 1297 0 0 0 0 0 416 -850 -795 -1225 -20015 -22606 1150  
29 1328 1286 1367 1322 0 0 0 0 0 -657 -2096 -677 -258 -19618 -22854 1145  
30 1337 1291 1379 1333 0 0 0 0 0 85 -1074 -539 -6 -21029 -22917 1142  
31 1341 1294 1376 1329 0 0 0 0 0 -53 -521 -497 -50 -17624 -23267 1143  
32 1339 1291 1380 1332 0 0 0 0 0 69 -1015 -641 -209 -20953 -24371 1143  
33 1340 1288 1387 1339 0 0 0 0 0 -44 -1119 -695 -1398 -24851 -25276 1143  
34 1366 1316 1406 1357 0 0 0 0 0 20 -1494 -428 -255 -20401 -24827 1138  
35 1395 1337 1437 1385 0 0 0 0 0 -435 -1337 -985 -1421 -22615 -27669 1129  
36 1416 1356 1470 1419 0 0 0 0 0 -901 -1939 -752 -2344 -29123 -27767 1126  
37 1449 1393 1491 1435 0 0 0 0 0 817 285 -705 -57 -20969 -28165 1124  
38 1463 1408 1513 1462 0 0 0 0 0 -563 -1892 -167 -1045 -26107 -26528 1122  
39 1499 1422 1523 1485 0 0 0 0 0 -3360 978 -595 -9976 -21802 -28700 1116  
40 1493 1453 1559 1532 0 0 0 0 0 -1045 -5488 2291 -3251 -36357 -16845 1112  
41 1533 1475 1516 1620 0 0 0 0 0 -12513 -4014 8054 -40563 -32044 12006 1101  
42 1548 1537 1495 1624 0 0 0 0 0 -15870 5807 11570 -39462 -12603 36153 1087  
43 1534 1545 1494 1597 0 0 0 0 0 -6416 3823 9838 -31187 -11003 40019 1089  
44 1501 1517 1475 1610 0 0 0 0 0 -11641 -6997 8870 -44630 -31672 45441 1088  
45 1468 1531 1490 1613 0 0 0 0 0 803 -4904 8349 -21924 -33112 51872 1097  
46 1477 1546 1443 1597 0 0 0 0 0 1264 6490 10057 -25963 -8792 67787 1087  
47 1454 1554 1432 1600 0 0 0 0 0 2054 -2731 9642 -19553 -9647 75858 1089  
48 1431 1571 1439 1615 0 0 0 0 0 4715 6289 8847 -9009 -13165 82172 1095  
49 1406 1593 1457 1612 0 0 0 0 0 13237 3887 7618 7939 -17822 85684 1105  
50 1413 1569 1441 1602 0 0 0 0 0 5000 1400 5183 -4031 -18150 82021 1102  
51 1427 1574 1389 1617 0 0 13866 0 0 12723 7918 6983 -21138 -1804 95578 1105  
52 1420 1559 1425 1591 0 0 50833 0 0 50549 2170 2104 -5060 -7552 80592 1111  
53 1367 1605 1467 1562 0 0 39133 0 0 62729 4543 3087 38884 -11534 86707 1116  
54 1423 1565 1410 1614 0 0 26066 0 0 22566 1083 2350 -15357 -8950 86802 1108  
55 1444 1550 1408 1608 0 0 4433 0 0 -3101 1739 -360 -23823 -6063 76983 1102  
56 1452 1527 1425 1607 0 0 -1700 0 0 -11067 -205 -2925 -26964 -13562 64839 1100  
57 1481 1515 1397 1615 0 0 -17399 0 0 -30055 3002 -2165 -45384 -1973 65565 1094  
58 1476 1479 1417 1626 0 0 -7333 0 0 -27798 -6135 -3518 -63763 -34464 56974 1090  
59 1501 1462 1397 1635 0 0 -28966 0 0 -50618 -12063 -3416 -87543 -35802 54085 1090  
60 1526 1458 1377 1637 0 0 -12199 0 0 -47748 -8311 -2403 -112168 -32017 54957 1084  
61 1486 1480 1365 1655 0 0 0 0 0 -24932 -12941 3338 -98511 -37826 78252 1083  
62 1484 1478 1351 1666 0 0 0 0 0 -12254 -7830 4241 -102728 -35610 86196 1082  
63 1448 1495 1383 1647 0 0 0 0 0 -2952 -9371 4037 -75164 -42643 89600 1085  
64 1449 1505 1401 1630 0 0 0 0 0 5162 -6938 1030 -65122 -39962 79960 1086  
65 1443 1509 1425 1610 0 0 0 0 0 13612 1072 -1539 -37839 -28603 69434 1086  
66 1443 1521 1423 1596 0 0 0 0 0 18740 11940 -2500 -25419 -15267 63434 1092  
67 1419 1543 1428 1565 0 0 0 0 0 23363 11928 -1557 -3328 -7741 65184 1103  
68 1409 1558 1416 1573 0 0 0 0 0 22259 10347 1324 -2038 -5280 76499 1105  
69 1426 1568 1377 1585 0 0 0 0 0 9086 15049 3494 -16401 7728 87578 1107  
70 1410 1565 1398 1583 0 0 0 0 0 10715 7228 2076 -7566 -1246 85095 1107  
71 1419 1560 1391 1601 0 0 0 0 0 2971 4473 2338 -17513 -3327 87888 1107  
72 1429 1561 1408 1613 0 0 0 0 0 4076 4650 880 -18166 -7652 84219 1110  
73 1434 1576 1406 1606 0 0 0 0 0 2731 1561 1014 -14622 -661 85411 1115  
74 1458 1562 1437 1642 0 0 0 0 0 -1173 -2553 -721 -25326 -14799 78571 1108  
75 1473 1546 1424 1636 0 0 0 0 0 -9633 -3436 363 -44646 -20330 82767 1099  
76 1475 1517 1443 1650 0 0 3200 0 0 -10050 -13212 -1878 -53157 -36313 72810 1092  
77 1480 1553 1432 1631 0 0 4600 0 0 167 -4713 -724 -39339 -13971 76342 1082  
78 1458 1518 1452 1658 0 0 0 0 0 -1896 -6866 -631 -42879 -39615 76108 1085  
79 1446 1522 1441 1623 0 0 0 0 0 -2398 -5308 -959 -39266 -36690 73809 1085  
80 1440 1516 1445 1649 0 0 0 0 0 766 -6093 -626 -32876 -35743 74460 1098  
81 1443 1538 1449 1627 0 0 0 0 0 6281 1010 -1249 -23228 -26168 70707 1098  
82 1448 1527 1442 1638 0 0 0 0 0 2456 239 -713 -30812 -27628 71933 1091  
83 1443 1525 1435 1658 0 0 0 0 0 -1639 493 846 -36843 -32770 78380 1091  
84 1458 1540 1415 1642 0 0 4766 -866 0 2241 1328 1143 -39486 -17448 80700 1088  
85 1439 1526 1435 1653 0 0 2166 0 0 553 -3936 666 -36900 -34798 79676 1092  
86 1456 1515 1425 1659 0 0 6466 0 0 1748 -110 -115 -49203 -33447 76608 1088  
87 1450 1525 1437 1635 0 0 7399 0 0 4935 -4936 -619 -39321 -34055 74391 1084  
88 1470 1513 1423 1644 0 0 0 0 0 -3601 -138 -1370 -50153 -26476 70291 1085  
89 1483 1504 1419 1644 0 0 2333 0 0 -3795 4078 -2029 -56157 -24598 66000 1082  
90 1467 1514 1439 1631 0 0 4600 0 0 3037 -980 -1932 -44617 -30668 64421 1086  
91 1491 1500 1424 1640 0 0 0 0 0 -4215 2330 -2593 -55992 -22716 59648 1087  
92 1487 1507 1432 1634 0 0 3833 0 0 1511 4284 -2360 -47619 -20516 57675 1086  
93 1486 1520 1425 1629 0 0 499 0 0 2250 4222 -1059 -44981 -14337 61387 1086  
94 1483 1511 1431 1637 0 0 0 0 0 -901 1841 -1128 -46753 -20580 60220 1085  
95 1483 1518 1428 1631 0 0 0 0 0 1626 4181 -624 -44091 -16453 61247 1086  
96 1477 1510 1423 1636 0 0 0 0 0 2 2489 -104 -47468 -20550 62965 1085  
97 1470 1494 1385 1618 0 0 0 0 0 -2418 3537 264 -52520 -9946 64549 1089  
98 1447 1497 1396 1616 0 0 0 0 0 1802 1654 849 -42457 -17124 67351 1094  
99 1463 1504 1376 1613 0 0 0 0 0 272 3746 1201 -49183 -5819 69795 1096  
100 1449 1494 1372 1640 0 0 0 0 0 -4596 45 2918 -56096 -17841 78728 1094  
101 1439 1482 1374 1656 0 0 0 0 0 -4766 -3194 3073 -60842 -28731 82540 1093  
102 1445 1478 1379 1645 0 0 0 0 0 -4874 -7193 1185 -62241 -29201 77006 1092  
103 1452 1463 1381 1652 0 0 0 0 0 -7088 -3674 -125 -68200 -32688 72453 1089  
104 1464 1477 1421 1663 0 0 0 0 0 -1590 -9899 -1114 -61950 -40220 67646 1087  
105 1485 1485 1416 1659 0 0 0 -2300 0 -5729 -6974 -1158 -71517 -36987 66522 1081  
106 1517 1476 1403 1647 0 0 0 -31499 0 -12762 -32695 -2969 -88512 -31638 57267 1079  
107 1470 1469 1443 1660 0 0 0 -26266 0 -4530 -45022 -1499 -76525 -63320 60535 1085  
108 1504 1494 1388 1653 0 0 0 -4066 0 -4480 1602 1277 -81486 -23381 71493 1077  
109 1474 1520 1409 1647 0 0 0 0 0 5689 6878 1965 -55500 -22378 76369 1081  
110 1506 1522 1390 1633 0 0 0 0 0 1514 10461 -77 -64248 -6485 69123 1084  
111 1502 1547 1395 1621 0 0 0 0 0 9388 16593 -106 -46485 7355 68741 1086  
112 1507 1552 1401 1607 0 0 0 0 0 9388 13319 -1241 -40641 12377 63415 1091  
113 1492 1546 1406 1625 0 0 0 0 0 10854 10157 228 -41554 2098 68611 1093  
114 1516 1542 1386 1623 0 0 0 0 0 -962 8880 -364 -53477 12153 66263 1095  
115 1524 1532 1388 1622 0 0 0 0 0 -1223 5523 -1452 -57520 10375 60960 1100  
116 1511 1524 1392 1637 0 0 0 0 0 -885 2901 193 -59959 -630 66899 1104  
117 1528 1544 1384 1649 0 0 0 0 0 -5301 1189 2004 -66973 5601 75244 1098  
118 1515 1530 1391 1653 0 0 0 0 0 -5911 -4088 2041 -71992 -10049 77730 1092  
119 1520 1522 1385 1657 0 0 0 0 0 -9396 -4793 2006 -80492 -12325 79569 1083  
120 1474 1521 1405 1650 0 0 0 0 0 5198 -4405 1483 -53892 -19143 79139 1082  
121 1479 1561 1393 1630 0 0 0 0 0 6971 -1456 1858 -41264 3122 82256 1083  
122 1473 1551 1414 1622 0 0 0 0 0 9650 579 -564 -33422 -4224 73345 1082  
123 1467 1518 1421 1640 0 0 0 0 0 6674 -4180 -1332 -44263 -21598 69456 1082  
124 1452 1523 1421 1614 0 0 0 0 0 8215 -3547 -1673 -31336 -16135 66425 1086  
125 1456 1523 1414 1620 0 0 0 0 0 6924 -164 -904 -34805 -13506 68138 1091  
126 1469 1532 1403 1609 0 0 0 0 0 3206 1516 -858 -35956 -2540 67090 1092  
127 1460 1522 1415 1615 0 0 0 0 0 2112 641 -1031 -34227 -12028 65682 1089  
128 1468 1529 1380 1634 0 0 0 0 0 -1769 405 2095 -48331 -4045 78880 1089  
129 1459 1508 1391 1651 0 0 0 0 0 -4805 -1654 1532 -53956 -19254 78359 1086  
130 1476 1511 1369 1649 0 0 0 0 0 -8391 -2243 1650 -63978 -10412 80587 1082  
131 1480 1506 1392 1669 0 0 0 0 0 -8750 -3836 1391 -69826 -25545 80825 1082  
132 1496 1499 1383 1667 0 0 0 0 0 -11374 -5245 512 -80160 -22882 78372 1080  
133 1479 1511 1379 1661 0 0 0 0 0 -9470 -6461 2603 -76471 -26324 88225 1078  
134 1486 1505 1373 1673 0 0 0 0 0 -10816 -5452 2948 -87713 -31159 92394 1077  
135 1472 1504 1398 1692 0 0 0 0 0 -9808 -13670 3003 -88522 -51500 95626 1077  
136 1473 1507 1385 1702 0 0 0 0 0 -7821 -15282 3724 -94242 -50346 102102 1075  
137 1444 1531 1409 1682 0 0 0 0 0 3310 -7549 3452 -64921 -47593 104339 1076  
138 1461 1543 1397 1663 0 0 0 0 0 6040 1908 2229 -60702 -28589 102847 1074  
139 1472 1541 1416 1651 0 0 0 0 0 6781 1556 -1669 -56939 -29060 87339 1076  
140 1483 1545 1426 1644 0 0 0 0 0 10875 10257 -3273 -43863 -14339 78013 1076  
141 1483 1574 1421 1619 0 0 0 0 0 13994 14440 -2308 -31469 -658 79318 1075  
142 1492 1567 1409 1632 0 0 0 0 0 6770 8745 -1481 -44374 -3210 80494 1074  
143 1486 1546 1424 1643 0 0 0 0 0 4389 3958 -1998 -48120 -17394 76714 1075  
144 1530 1531 1461 1603 0 0 0 0 13466 4468 6083 3302 -36032 -1368 35628 1079  
145 1468 1579 1421 1655 0 0 0 0 399 8111 4807 3247 -31091 -7776 86653 1084  
146 1484 1538 1425 1666 0 0 0 0 0 -1025 -688 4 -50606 -21148 76962 1085  
147 1517 1513 1412 1665 0 0 0 0 0 -9457 -3435 -2156 -70194 -17913 66700 1087  
148 1505 1539 1408 1657 0 0 0 0 0 -3415 2779 52 -56929 -7880 74618 1094  
149 1523 1527 1417 1643 0 0 0 0 5200 -5351 2410 1865 -61882 -9046 60794 1097  
150 1584 1451 1511 1578 0 0 0 0 37233 1190 436 17583 -50338 -13850 -16550 1092  
151 1547 1465 1500 1612 0 0 0 0 52599 3316 -4391 43374 -48443 -25406 7507 1088  
152 1489 1554 1368 1711 0 0 0 0 30999 -5594 1120 44639 -70040 -9881 102502 1086  
153 1425 1553 1339 1750 0 0 0 0 6566 -13530 -10994 27843 -89618 -44558 151802 1081  
154 1484 1485 1396 1700 0 0 0 0 12699 -22334 -23093 15174 -102945 -59557 91335 1074  
155 1584 1419 1515 1615 0 0 0 0 47599 -4508 -12138 25773 -82588 -48312 -18526 1075  
156 1591 1423 1518 1598 0 0 0 0 74166 3544 4032 56454 -63682 -27145 -23200 1076  
157 1498 1493 1499 1634 0 0 0 0 77133 16270 -178 75992 -35185 -35428 32632 1079  
158 1411 1573 1415 1705 0 0 0 0 51866 12492 -1381 69637 -33990 -35210 118432 1082  
159 1365 1554 1369 1718 0 0 5066 0 26266 9485 -8618 50751 -59235 -60086 166820 1076  
160 1337 1542 1332 1761 0 0 24566 0 4066 9256 -24725 30810 -89242 -82529 202393 1080  
161 1338 1536 1385 1757 0 0 5899 0 0 3007 -24850 13942 -73633 -97959 171996 1081  
162 1413 1531 1365 1719 0 0 0 0 0 -5811 -595 4654 -77774 -53319 143393 1076  
163 1393 1500 1406 1690 0 0 0 0 0 50 -7142 -1144 -61500 -69059 121980 1076  
164 1431 1499 1368 1684 0 0 0 0 0 -2022 8286 -3731 -75564 -43366 108420 1074  
165 1424 1479 1391 1683 0 0 0 0 0 -3014 1726 -5579 -79878 -62429 96528 1075  
166 1451 1479 1363 1659 0 0 0 0 0 -3784 9169 -6797 -77749 -33396 85870 1079  
167 1423 1464 1364 1645 0 0 0 0 0 2648 10943 -5703 -64491 -32918 83156 1080  
168 1425 1485 1352 1642 0 0 0 0 0 5824 14561 -3341 -58726 -20125 88399 1086  
169 1416 1468 1352 1635 0 0 0 0 0 5806 11047 -3624 -58010 -25926 83747 1089  
170 1408 1443 1313 1606 0 0 0 0 0 1324 11138 -2935 -65936 -15580 83309 1093  
171 1395 1424 1265 1597 0 0 0 0 0 -4492 11492 -633 -76204 -10023 90745 1100  
172 1419 1410 1234 1619 0 0 0 0 0 -12385 10267 615 -100064 -4325 95735 1098  
173 1412 1353 1227 1693 0 0 0 0 0 -25493 331 2128 -135891 -39339 103382 1091  
174 1465 1335 1255 1665 0 0 0 0 0 -38035 -17079 -6155 -163337 -49392 68895 1086  
175 1529 1307 1265 1640 0 0 0 0 0 -41542 -13482 -14270 -187584 -51256 25915 1077  
176 1462 1288 1348 1624 0 0 0 0 0 -10907 -20374 -13217 -130726 -72385 15459 1088  
177 1388 1331 1401 1561 0 0 0 0 0 31678 -2084 -8053 -55342 -61904 24760 1098  
178 1370 1422 1362 1525 0 0 0 0 0 40244 7925 155 -26674 -24531 54468 1102  
179 1383 1491 1328 1479 0 0 0 0 0 38424 28133 2512 -10079 16351 65757 1099  
180 1383 1401 1316 1583 0 0 0 0 0 12077 7696 3696 -62662 -28888 72834 1095  
181 1322 1411 1360 1615 0 0 0 0 0 11014 -11001 5571 -41615 -60312 85896 1103  
182 1455 1394 1320 1647 0 0 0 0 0 -8872 -3257 88 -97189 -29306 66557 1099  
183 1492 1390 1266 1701 0 0 0 0 0 -31385 10345 4731 -142304 -23710 87126 1097  
184 1392 1423 1328 1699 0 0 0 0 0 -15108 -21132 8248 -108902 -76082 107926 1103  
185 1433 1543 1369 1568 0 0 0 0 0 21099 7799 2941 -28564 9371 91992 1096  
186 1361 1573 1399 1618 0 0 0 0 0 36363 17135 5663 -1263 -21508 108201 1098  
187 1348 1537 1442 1630 0 0 0 0 0 32509 -9776 1335 194 -46659 94311 1099  
188 1413 1502 1405 1636 0 0 0 0 0 11433 2899 -2039 -35535 -31573 79911 1096  
189 1420 1504 1413 1617 0 0 0 0 0 686 3696 -3256 -30489 -26662 72518 1095  
190 1446 1535 1444 1539 0 0 0 0 0 18837 8070 -10011 -4632 -1324 41369 1092  
191 1742 1384 1827 1120 0 0 0 0 0 85108 42867 -113012 147596 87134 -383581 1073  
