line Motor1 Motor2 Motor3 Motor4 anglePITCH angleROLL clientPITCH clientROLL clientYAW inputPidPITCH inputPidROLL inputPidYAW outputPidPITCH outputPidROLL outputPidYAW Battery 
0 1053 1050 1061 1051 0 0 0 0 0 5 -1783 -1587 -71 -4729 -7132 1177  
1 1055 1050 1063 1051 0 0 0 0 0 -19 -1768 -1629 109 -5029 -8917 1175  
2 1054 1050 1065 1050 0 0 0 0 0 -50 -1856 -1630 -176 -5940 -10571 1176  
3 1055 1050 1067 1050 0 0 0 0 0 9 -1740 -1525 58 -6419 -11753 1178  
4 1055 1050 1070 1050 0 0 0 0 0 -48 -1780 -1495 -224 -7673 -13094 1177  
5 1056 1050 1072 1050 0 0 0 0 0 41 -1663 -1552 52 -8145 -14860 1177  
6 1058 1050 1074 1050 0 0 0 0 0 -23 -1468 -1615 -81 -8659 -16723 1177  
7 1057 1050 1077 1050 0 0 0 0 0 -7 -1750 -1515 -203 -9868 -17861 1177  
8 1059 1050 1078 1050 0 0 0 0 0 1 -1453 -1476 87 -10235 -19193 1177  
9 1060 1050 1081 1050 0 0 0 0 0 98 -1406 -1534 273 -10658 -20946 1177  
10 1060 1050 1083 1050 0 0 0 0 0 -75 -1529 -1436 -305 -12042 -22091 1177  
11 1060 1050 1085 1050 0 0 0 0 0 -13 -1483 -1383 38 -12640 -23206 1177  
12 1061 1050 1086 1050 0 0 0 0 0 -21 -1590 -1342 -105 -12973 -24384 1177  
13 1061 1050 1090 1050 0 0 0 0 0 48 -1577 -1504 82 -14435 -26482 1177  
14 1062 1050 1091 1050 0 0 0 0 0 5 -1558 -1437 -174 -14838 -27728 1177  
15 1063 1050 1094 1050 0 0 0 0 0 -7 -1504 -1444 98 -15590 -29213 1177  
16 1064 1050 1096 1050 0 0 0 0 0 -46 -1524 -1409 -229 -16653 -30445 1177  
17 1065 1050 1097 1050 0 0 0 0 0 -76 -1438 -1348 -101 -16796 -31611 1177  
18 1065 1050 1100 1050 0 0 0 0 0 47 -1434 -1362 -72 -17949 -33035 1177  
19 1065 1050 1101 1050 0 0 0 0 0 -17 -1261 -1246 -170 -17862 -33878 1177  
20 1067 1050 1104 1051 0 0 0 0 0 48 -1393 -1315 202 -19158 -35445 1177  
21 1067 1050 1105 1050 0 0 0 0 0 -5 -1354 -1357 -221 -19010 -36931 1177  
22 1066 1050 1108 1050 0 0 0 0 0 -35 -1495 -1301 -96 -20794 -38062 1176  
23 1067 1050 1109 1050 0 0 0 0 0 30 -1495 -1250 -23 -21098 -39057 1176  
24 1067 1050 1112 1050 0 0 0 0 0 43 -1563 -1319 57 -22452 -40668 1176  
25 1069 1050 1114 1050 0 0 0 0 0 -25 -1320 -1362 -99 -22459 -42179 1176  
26 1069 1050 1115 1050 0 0 0 0 0 -13 -1335 -1213 -67 -23202 -42900 1176  
27 1070 1050 1116 1050 0 0 0 0 0 -22 -1328 -1193 -146 -23493 -43997 1177  
28 1070 1050 1119 1050 0 0 0 0 0 -34 -1323 -1306 -69 -24391 -45678 1176  
29 1070 1050 1120 1050 0 0 0 0 0 -66 -1386 -1166 -362 -25448 -46337 1176  
30 1071 1050 1122 1050 0 0 0 0 0 -40 -1497 -1142 -183 -26056 -47439 1176  
31 1072 1050 1124 1050 0 0 0 0 0 -42 -1267 -1265 -185 -26139 -49121 1176  
32 1072 1050 1126 1050 0 0 0 0 0 -32 -1173 -1212 -151 -27162 -50142 1176  
33 1081 1050 1135 1050 0 0 0 0 0 -21 -1181 -1215 -278 -27196 -51406 1176  
34 1107 1050 1163 1059 0 0 0 0 0 -28 -1160 -1384 -288 -28379 -53338 1175  
35 1135 1050 1190 1083 0 0 0 0 0 -21 -1064 -1208 -280 -27895 -53932 1173  
36 1159 1057 1217 1108 0 0 0 0 0 23 -1138 -1020 185 -29242 -54341 1172  
37 1166 1060 1223 1113 0 0 0 0 0 -52 -1079 -1065 -372 -29055 -55473 1171  
38 1166 1060 1227 1112 0 0 0 0 0 44 -1208 -1273 -285 -30417 -57558 1172  
39 1167 1059 1228 1112 0 0 0 0 0 -51 -1103 -1145 -592 -31047 -58231 1172  
40 1166 1059 1229 1112 0 0 0 0 0 -64 -1083 -950 -146 -31322 -58538 1172  
41 1174 1061 1237 1117 0 0 0 0 0 -184 -1142 -1184 -643 -31916 -60530 1171  
42 1202 1081 1264 1141 0 0 0 0 0 41 -932 -1214 -294 -31212 -61840 1169  
43 1223 1097 1288 1165 0 0 0 0 0 -22 -1428 -1067 -942 -33824 -62414 1167  
44 1226 1098 1293 1164 0 0 0 0 0 -136 -1142 -1288 148 -33497 -64530 1166  
45 1227 1095 1295 1165 0 0 0 0 0 -41 -1183 -1294 -960 -35140 -65786 1166  
46 1227 1097 1296 1162 0 0 0 0 0 74 -1033 -1177 378 -34277 -66521 1164  
47 1228 1095 1297 1163 0 0 0 0 0 65 -977 -1181 -657 -35104 -67706 1164  
48 1229 1095 1298 1162 0 0 0 0 0 90 -1158 -1040 -246 -34958 -68304 1166  
49 1231 1094 1300 1165 0 0 0 0 0 -120 -1191 -1022 -1400 -36060 -69286 1166  
50 1251 1114 1326 1184 0 0 0 0 0 21 -957 -1072 446 -36756 -70456 1164  
51 1280 1136 1353 1210 0 0 0 0 0 -16 -794 -1041 -136 -36703 -71435 1161  
52 1309 1159 1382 1238 0 0 0 0 0 -120 -1182 -1205 -1374 -37967 -73241 1159  
53 1331 1189 1412 1264 0 0 0 0 0 154 -837 -811 1679 -38837 -72641 1155  
54 1365 1212 1438 1292 0 0 0 0 0 -382 -1038 -1219 -2280 -38853 -75237 1148  
55 1388 1233 1460 1313 0 0 0 0 0 -166 -743 -1224 -2717 -38763 -76543 1145  
56 1388 1235 1463 1310 0 0 0 0 0 -53 -1185 -1001 121 -37469 -76726 1144  
57 1385 1231 1468 1314 0 0 0 0 0 -782 -1053 -920 -269 -42157 -77510 1145  
58 1393 1232 1464 1309 0 0 0 0 0 1132 -1088 -1168 -1557 -37341 -79308 1144  
59 1399 1242 1488 1323 0 0 0 0 0 -227 -515 -1176 1605 -42925 -80633 1141  
60 1441 1268 1498 1353 0 0 0 0 0 -869 -360 -767 -7119 -35874 -79965 1139  
61 1443 1285 1529 1366 0 0 0 0 0 -318 -721 -746 1276 -42323 -80670 1139  
62 1445 1287 1527 1367 0 0 0 0 0 -321 -1323 -663 -425 -41107 -81070 1144  
63 1438 1282 1533 1371 0 0 0 0 0 1479 -2763 -388 511 -46725 -80689 1142  
64 1444 1284 1538 1358 0 0 0 0 0 613 -473 -1431 4760 -42734 -85711 1137  
65 1453 1284 1536 1381 0 0 0 0 0 61 -1340 -353 -4669 -45979 -82222 1135  
66 1473 1319 1559 1408 0 0 0 0 0 -1161 304 918 -1171 -44409 -77008 1124  
67 1490 1363 1536 1475 0 0 0 0 0 -6548 -10 7517 -16342 -39414 -47149 1117  
68 1481 1456 1492 1543 0 0 0 0 0 -5591 8631 17600 -19005 -24274 6399 1120  
69 1451 1507 1516 1586 0 0 0 0 0 1045 -1039 19197 -3340 -36120 31690 1119  
70 1453 1532 1470 1613 0 0 0 0 0 -3896 7168 20243 -15906 -24522 55681 1116  
71 1457 1550 1458 1591 0 0 0 0 0 -1309 8361 16478 -9668 -9904 59540 1102  
72 1477 1510 1448 1609 0 0 0 0 0 -11703 5634 11109 -37724 -23138 51465 1095  
73 1485 1498 1434 1592 0 0 0 0 0 -9607 5986 6984 -40206 -14103 44331 1096  
74 1479 1497 1437 1590 0 0 0 0 0 -10210 1004 5452 -36019 -14638 43364 1094  
75 1419 1512 1431 1595 0 0 0 0 0 3717 -1464 9540 -20237 -22984 67801 1096  
76 1407 1514 1455 1573 0 0 0 0 0 5907 -692 5190 -3307 -27303 58101 1099  
77 1436 1498 1452 1570 0 0 0 0 0 627 -7592 1356 -19371 -26696 45726 1099  
78 1404 1485 1488 1578 0 0 0 0 0 8413 -5438 487 -2267 -44230 42830 1109  
79 1404 1510 1456 1588 0 0 0 -9200 0 4333 -7831 4131 -6718 -32093 59648 1118  
80 1383 1518 1441 1593 0 0 0 -4666 0 3253 -6391 5969 -3943 -33269 72360 1115  
81 1351 1503 1413 1585 0 0 0 0 0 3325 1127 6775 -4921 -36469 81797 1122  
82 1312 1509 1418 1537 0 0 0 0 0 12024 -3295 4605 19524 -33443 79019 1131  
83 1316 1524 1386 1513 0 0 2600 -12399 0 13956 -4850 5019 21884 -16375 85321 1135  
84 1344 1522 1355 1517 0 0 2600 -4499 0 5356 5423 4135 2659 -258 86560 1135  
85 1294 1488 1439 1517 0 0 11999 -17366 0 18755 -19585 -664 29916 -44625 69360 1133  
86 1299 1479 1416 1504 0 0 999 -3000 0 12508 -10243 -562 24619 -36987 68568 1134  
87 1301 1470 1392 1513 0 0 0 0 0 1294 -3031 489 12080 -33777 72492 1134  
88 1301 1499 1386 1495 0 0 0 0 0 1925 4302 1229 22220 -20281 76808 1134  
89 1303 1502 1435 1530 0 0 0 0 0 5533 -5107 286 26323 -40309 73838 1131  
90 1279 1489 1473 1609 0 0 0 0 0 3035 -16988 3746 19548 -80527 88780 1124  
91 1331 1500 1349 1712 0 0 0 0 0 -25907 -19233 15474 -58598 -62577 144962 1111  
92 1365 1529 1489 1614 0 0 0 0 0 -22724 6200 222 8506 -74162 95721 1100  
93 1155 1530 1647 1654 0 0 0 0 0 67269 -68831 5763 117216 -178819 119656 1115  
94 1284 1406 1738 1478 0 0 0 0 0 34237 -27199 -29830 96261 -132150 -34023 1130  
95 1538 1230 1828 1319 0 0 0 0 0 6037 -5305 -62982 50762 -99256 -212860 1122  
96 1663 1129 1937 1184 0 0 0 0 0 5024 -15006 -123582 80058 -124766 -396012 1122  
