line Motor1 Motor2 Motor3 Motor4 anglePITCH angleROLL clientPITCH clientROLL clientYAW inputPidPITCH inputPidROLL inputPidYAW outputPidPITCH outputPidROLL outputPidYAW Battery 
0 1087 1083 1091 1089 0 0 0 0 0 -113 -798 -405 -312 -2486 -1391 1109  
1 1086 1084 1093 1090 0 0 0 0 0 133 -973 -267 341 -3205 -1328 1106  
2 1087 1081 1093 1090 0 0 0 0 0 -40 -790 -408 -547 -3585 -2090 1108  
3 1085 1081 1094 1090 0 0 0 0 0 -247 -774 -237 -126 -4414 -1771 1109  
4 1084 1081 1094 1092 0 0 0 0 0 51 -641 -45 -204 -5255 -1413 1109  
5 1083 1078 1098 1092 0 0 0 0 0 27 -1242 -418 225 -6964 -2805 1109  
6 1085 1079 1098 1093 0 0 0 0 0 39 -599 -402 -686 -7199 -3129 1109  
7 1084 1078 1099 1091 0 0 0 0 0 58 -644 -346 324 -6885 -3318 1108  
8 1084 1076 1100 1092 0 0 0 0 0 144 -533 -496 -42 -7781 -4129 1108  
9 1083 1077 1099 1093 0 0 0 0 0 -1 -696 15 84 -7960 -2998 1109  
10 1082 1074 1102 1094 0 0 0 0 0 -49 -692 -332 -50 -9893 -4232 1109  
11 1081 1072 1104 1093 0 0 0 0 0 27 -755 -460 371 -10854 -4915 1109  
12 1081 1074 1103 1095 0 0 0 0 0 -10 -770 -59 -259 -10595 -4070 1109  
13 1082 1071 1105 1094 0 0 0 0 0 -24 -486 -424 -416 -11225 -5399 1109  
14 1081 1072 1106 1095 0 0 0 0 0 -97 -752 -215 264 -12166 -5092 1108  
15 1080 1071 1106 1096 0 0 0 0 0 46 -534 -158 -137 -12946 -5100 1108  
16 1080 1070 1109 1096 0 0 0 0 0 -7 -828 -448 155 -13856 -6224 1108  
17 1079 1068 1109 1097 0 0 0 0 0 62 -688 -225 -253 -14793 -5857 1108  
18 1078 1070 1110 1095 0 0 0 0 0 74 -614 -292 832 -14428 -6272 1109  
19 1080 1067 1111 1097 0 0 0 0 0 23 -651 -281 63 -15769 -6583 1108  
20 1079 1066 1111 1097 0 0 0 0 0 46 -633 -251 -162 -15575 -6815 1108  
21 1079 1068 1112 1098 0 0 0 0 0 -3 -651 -57 9 -16391 -6388 1108  
22 1079 1065 1114 1097 0 0 0 0 0 143 -435 -475 347 -17070 -7901 1108  
23 1077 1065 1115 1099 0 0 0 0 0 -95 -802 -87 460 -18636 -7011 1108  
24 1077 1064 1115 1099 0 0 0 0 0 36 -827 -93 248 -18826 -7165 1109  
25 1077 1064 1114 1100 0 0 0 0 0 7 -493 -9 -196 -18270 -6910 1108  
26 1075 1062 1119 1101 0 0 0 0 0 47 -779 -366 700 -21149 -8190 1107  
27 1075 1062 1118 1101 0 0 0 0 0 -31 -712 -190 237 -21215 -7883 1108  
28 1077 1061 1119 1101 0 0 0 0 0 -30 -752 -305 -103 -21104 -8581 1108  
29 1074 1060 1122 1102 0 0 0 0 0 33 -730 -329 591 -23444 -8906 1108  
30 1075 1060 1120 1101 0 0 0 0 0 108 -633 -95 387 -22251 -8400 1109  
31 1074 1059 1121 1102 0 0 0 0 0 0 -573 -128 432 -22891 -8649 1108  
32 1073 1058 1124 1104 0 0 0 0 0 104 -638 -180 916 -25122 -8953 1108  
33 1076 1059 1122 1103 0 0 0 0 0 -17 -634 -291 -220 -23765 -9456 1107  
34 1071 1057 1126 1106 0 0 0 0 0 36 -810 -82 716 -26763 -9026 1108  
35 1073 1057 1125 1104 0 0 0 0 0 -40 -805 -203 364 -25840 -9637 1108  
36 1071 1057 1128 1106 0 0 0 0 0 -88 -740 -205 795 -27628 -9816 1108  
37 1073 1055 1127 1107 0 0 0 0 0 -79 -819 -162 -315 -27793 -9865 1108  
38 1071 1056 1130 1107 0 0 0 0 0 45 -700 -329 603 -29137 -10568 1107  
39 1071 1055 1129 1107 0 0 0 0 0 63 -612 -244 56 -28620 -10581 1108  
40 1070 1055 1131 1108 0 0 0 0 0 -26 -580 -204 712 -30350 -10625 1107  
41 1072 1055 1131 1107 0 0 0 0 0 75 -698 -266 365 -29366 -11155 1107  
42 1069 1055 1134 1109 0 0 0 0 0 46 -689 -206 606 -32451 -11191 1108  
43 1071 1054 1133 1108 0 0 0 0 0 32 -663 -274 118 -31529 -11643 1108  
44 1069 1055 1134 1109 0 0 0 0 0 86 -671 -84 727 -32285 -11206 1107  
45 1069 1053 1136 1109 0 0 0 0 0 -19 -477 -159 1175 -33330 -11690 1107  
46 1069 1052 1136 1109 0 0 0 0 0 35 -622 -364 451 -33397 -12457 1107  
47 1069 1053 1136 1110 0 0 0 0 0 -6 -754 -130 483 -34115 -11945 1107  
48 1068 1052 1138 1111 0 0 0 0 0 -7 -566 -192 635 -35575 -12362 1108  
49 1068 1053 1139 1110 0 0 0 0 0 -58 -490 -338 916 -35532 -13052 1107  
50 1070 1052 1138 1110 0 0 0 0 0 4 -435 -250 290 -34870 -13084 1108  
51 1070 1051 1139 1111 0 0 0 0 0 -75 -561 -295 -70 -35980 -13468 1107  
52 1067 1052 1142 1112 0 0 0 0 0 42 -613 -180 1050 -37474 -13438 1107  
53 1067 1051 1142 1113 0 0 0 0 0 -74 -590 -125 309 -37976 -13450 1107  
54 1069 1051 1143 1112 0 0 0 0 0 -20 -552 -324 455 -38094 -14284 1108  
55 1068 1051 1143 1113 0 0 0 0 0 -134 -564 -330 -199 -38363 -14583 1107  
56 1068 1051 1143 1113 0 0 0 0 0 4 -505 -243 -3 -38760 -14534 1107  
57 1067 1051 1145 1113 0 0 0 0 0 40 -614 -272 525 -39759 -14879 1107  
58 1067 1050 1146 1114 0 0 0 0 0 -41 -541 -211 160 -40332 -14944 1107  
59 1068 1050 1146 1114 0 0 0 0 0 18 -462 -269 372 -40238 -15404 1107  
60 1067 1050 1148 1115 0 0 0 0 0 7 -667 -187 50 -42002 -15426 1108  
61 1067 1050 1149 1114 0 0 0 0 0 8 -495 -345 645 -41727 -16103 1107  
62 1066 1050 1149 1115 0 0 0 0 0 -98 -382 -187 508 -42099 -15905 1107  
63 1067 1050 1150 1116 0 0 0 0 0 30 -634 -203 7 -43213 -16208 1107  
64 1065 1050 1151 1117 0 0 0 0 0 -12 -714 -159 -7 -43990 -16246 1107  
65 1066 1050 1151 1117 0 0 0 0 0 1 -697 -96 240 -43971 -16177 1107  
66 1064 1050 1153 1118 0 0 0 0 0 20 -495 -173 288 -45236 -16540 1107  
67 1066 1050 1152 1116 0 0 0 0 0 79 -351 -307 290 -44497 -17152 1107  
68 1066 1050 1154 1116 0 0 0 0 0 60 -432 -322 854 -45642 -17449 1107  
69 1064 1050 1155 1119 0 0 0 0 0 -137 -620 -193 -59 -46760 -17375 1107  
70 1064 1050 1156 1118 0 0 0 0 0 82 -491 -276 577 -46869 -17833 1107  
71 1064 1050 1157 1119 0 0 0 0 0 -70 -525 -266 239 -47824 -18120 1107  
72 1064 1050 1157 1117 0 0 0 0 0 -1 -493 -277 620 -47348 -18468 1107  
73 1063 1050 1158 1119 0 0 0 0 0 179 -546 -197 588 -48456 -18488 1107  
74 1063 1050 1157 1119 0 0 0 0 0 51 -441 -18 391 -48162 -18002 1107  
75 1064 1050 1159 1119 0 0 0 0 0 9 -478 -170 656 -48600 -18550 1107  
76 1063 1050 1159 1120 0 0 0 0 0 -80 -525 -167 1 -49560 -18700 1106  
77 1062 1050 1161 1121 0 0 0 0 0 64 -622 -245 356 -51035 -19121 1107  
78 1061 1050 1162 1121 0 0 0 0 0 -37 -568 -79 649 -51296 -18795 1107  
79 1062 1050 1162 1121 0 0 0 0 0 51 -515 -46 1100 -51161 -18759 1107  
80 1063 1050 1161 1121 0 0 0 0 0 -45 -526 -232 -106 -51166 -19509 1107  
81 1060 1050 1164 1123 0 0 0 0 0 -12 -589 -144 484 -53139 -19384 1107  
82 1060 1050 1165 1123 0 0 0 0 0 53 -554 -95 1025 -53711 -19338 1106  
83 1064 1050 1171 1130 0 0 0 0 0 -21 -575 -155 165 -53585 -19654 1107  
84 1124 1090 1238 1196 0 0 0 0 0 11 -613 -6 1245 -53978 -19310 1104  
85 1161 1119 1274 1231 0 0 0 0 0 96 -499 -270 390 -54098 -20253 1102  
86 1173 1132 1290 1245 0 0 0 0 0 -221 -382 -636 -118 -56324 -21759 1101  
87 1170 1132 1285 1243 0 0 0 0 0 231 -318 66 54 -55368 -19993 1101  
88 1166 1134 1288 1244 0 0 0 0 0 311 -619 218 2185 -56913 -19245 1100  
89 1172 1133 1286 1242 0 0 0 0 0 -516 -411 -468 -353 -55417 -21563 1102  
90 1166 1128 1285 1241 0 0 0 0 0 -297 -369 -267 -42 -57394 -21228 1102  
91 1170 1127 1287 1243 0 0 0 0 0 -52 -570 -199 -399 -56763 -21405 1103  
92 1171 1131 1288 1245 0 0 0 0 0 195 -591 -233 -608 -57733 -21636 1102  
93 1183 1141 1307 1258 0 0 0 0 0 136 -870 -372 733 -58776 -22497 1102  
94 1190 1153 1320 1268 0 0 0 0 0 241 -208 -300 2527 -61387 -22540 1099  
95 1195 1170 1317 1268 0 0 0 0 0 1259 -1271 348 3308 -57591 -20487 1098  
96 1191 1174 1324 1282 0 0 0 0 0 1267 -904 1917 5817 -62839 -14615 1094  
97 1215 1196 1336 1319 0 0 0 0 0 810 -2120 2771 1632 -67475 -9943 1089  
98 1191 1206 1318 1332 0 0 0 0 0 -2196 -2725 6855 4526 -66720 7187 1089  
99 1200 1226 1313 1360 0 0 0 0 0 -718 -1216 9710 -4509 -64976 23807 1087  
100 1216 1248 1331 1399 0 0 0 0 0 -3462 -166 8261 -5651 -70842 30132 1087  
101 1237 1263 1362 1393 0 0 0 0 0 112 -1938 272 -3888 -73095 9281 1079  
102 1234 1276 1358 1400 0 0 0 0 0 -524 -2052 1482 -4101 -70017 14382 1077  
103 1252 1271 1380 1383 0 0 0 0 0 93 398 -3794 -3334 -67388 -3145 1078  
104 1262 1278 1389 1399 0 0 0 0 0 -338 473 -2501 -1628 -67927 -2398 1077  
105 1270 1303 1403 1429 0 0 0 0 0 209 -487 -213 -4329 -71590 2712 1076  
106 1332 1335 1459 1467 0 0 0 0 0 -1392 88 -3034 -6467 -67836 -7004 1075  
107 1415 1411 1455 1487 0 0 0 0 0 -2779 9921 444 -6556 -29995 1591 1055  
108 1483 1432 1404 1525 0 0 0 0 0 -10737 24637 3244 -42295 -5077 11655 1049  
109 1391 1385 1368 1453 0 0 0 0 0 -4724 5665 7281 -24375 -22400 28462 1053  
110 1120 1229 1174 1232 0 0 0 0 0 16272 -3812 15577 26220 -27756 65393 1085  
111 1151 1244 1173 1351 0 0 0 0 0 -7303 -29637 2000 -33159 -55695 37958 1083  
112 1133 1136 1220 1248 0 0 0 0 0 608 -3303 -6934 -12693 -82018 3425 1089  
113 1093 1104 1157 1196 0 0 0 0 0 -1052 -108 -4243 -11431 -61355 6734 1094  
114 1060 1077 1132 1196 0 0 0 0 0 -187 145 -357 -15459 -67938 16389 1096  
115 1051 1061 1129 1198 0 0 0 0 0 -207 -1057 18 -15373 -69586 17395 1097  
116 1051 1065 1130 1195 0 0 0 0 0 -9 -635 119 -13630 -68743 17799 1098  
117 1050 1061 1130 1195 0 0 0 0 0 21 -423 -53 -13991 -68747 17336 1098  
118 1051 1063 1131 1199 0 0 0 0 0 -26 -487 -95 -15410 -71096 17136 1098  
119 1050 1065 1131 1197 0 0 0 0 0 84 -511 -105 -14606 -70448 16963 1098  
120 1050 1063 1133 1197 0 0 0 0 0 52 -559 -12 -13777 -71253 17195 1098  
121 1050 1063 1133 1196 0 0 0 0 0 140 -511 -8 -13029 -70661 17208 1098  
122 1050 1062 1134 1198 0 0 0 0 0 49 -531 -69 -13431 -72204 16952 1098  
123 1050 1061 1135 1198 0 0 0 0 0 172 -519 -70 -13673 -72909 16885 1098  
124 1050 1063 1135 1200 0 0 0 0 0 141 -561 -79 -14459 -74020 16811 1099  
125 1050 1063 1135 1202 0 0 0 0 0 -164 -802 138 -14657 -74923 17441 1099  
126 1050 1064 1136 1199 0 0 0 0 0 -3 -606 -94 -13227 -74088 16746 1099  
127 1050 1062 1139 1199 0 0 0 0 0 130 -664 -174 -12546 -75503 16474 1098  
128 1050 1061 1137 1202 0 0 0 0 0 11 -496 62 -14256 -76246 17074 1098  
129 1050 1061 1139 1204 0 0 0 0 0 -144 -549 -142 -15185 -77476 16412 1098  
130 1050 1061 1138 1202 0 0 0 0 0 -95 -745 93 -13764 -76652 17119 1099  
131 1050 1063 1140 1201 0 0 0 0 0 257 -494 14 -12420 -76888 16870 1099  
132 1050 1061 1140 1206 0 0 0 0 0 -5 -480 47 -14623 -79309 17076 1099  
133 1050 1060 1140 1205 0 0 0 0 0 -93 -462 -74 -14654 -78828 16661 1099  
134 1050 1062 1141 1203 0 0 0 0 0 -85 -526 63 -12689 -77952 17055 1099  
135 1050 1062 1142 1208 0 0 0 0 0 55 -510 17 -14676 -80810 16947 1099  
136 1050 1060 1142 1205 0 0 0 0 0 26 -421 -53 -13617 -79485 16715 1099  
137 1050 1062 1143 1205 0 0 0 0 0 -105 -578 -47 -13125 -80058 16694 1099  
138 1050 1059 1142 1210 0 0 0 0 0 -83 -692 -1 -15699 -82160 16856 1099  
139 1050 1060 1144 1207 0 0 0 0 0 -16 -716 16 -13145 -81788 16880 1099  
