line Motor1 Motor2 Motor3 Motor4 anglePITCH angleROLL clientPITCH clientROLL clientYAW inputPidPITCH inputPidROLL inputPidYAW outputPidPITCH outputPidROLL outputPidYAW Battery 
0 1051 1050 1057 1052 0 0 0 0 0 131 -1395 -677 380 -3631 -3054 1141  
1 1052 1050 1058 1052 0 0 0 0 0 142 -1409 -760 73 -3834 -4093 1139  
2 1057 1055 1063 1061 0 0 0 0 0 -52 -1423 -617 -864 -5571 -4219 1138  
3 1056 1053 1064 1056 0 0 0 0 0 119 -1191 -845 1743 -4374 -5851 1140  
4 1058 1055 1064 1060 0 0 0 0 0 2 -1485 -650 391 -4827 -5815 1141  
5 1055 1052 1065 1058 0 0 0 0 0 90 -1530 -676 100 -7728 -6579 1141  
6 1055 1051 1066 1056 0 0 0 0 0 119 -1439 -835 352 -7879 -7994 1142  
7 1055 1051 1067 1056 0 0 0 0 0 93 -1352 -760 153 -7769 -8532 1141  
8 1055 1051 1068 1056 0 0 0 0 0 43 -1369 -671 610 -8833 -8885 1142  
9 1055 1051 1070 1056 0 0 0 0 0 99 -1501 -673 616 -9564 -9549 1142  
10 1053 1051 1071 1056 0 0 0 0 0 203 -1521 -566 1137 -10258 -9765 1142  
11 1054 1050 1072 1056 0 0 0 0 0 174 -1511 -710 922 -11220 -10956 1142  
12 1064 1054 1084 1063 0 0 0 0 0 154 -1222 -740 941 -11247 -11757 1141  
13 1089 1069 1116 1089 0 0 0 0 0 114 -1524 -776 1167 -12404 -12675 1140  
14 1114 1094 1144 1118 0 0 0 0 0 190 -1390 -447 988 -13803 -11971 1139  
15 1137 1114 1167 1138 0 0 0 0 0 649 -966 -629 1241 -13354 -13253 1136  
16 1143 1128 1170 1145 0 0 0 0 0 537 -1155 -667 3887 -12531 -14102 1135  
17 1139 1115 1170 1144 0 0 0 0 0 10 -1651 -796 -860 -16810 -15271 1135  
18 1137 1119 1172 1138 0 0 0 0 0 -15 -1387 -660 2546 -14894 -15416 1135  
19 1139 1119 1178 1140 0 0 0 0 0 343 -1400 -583 3418 -15747 -15828 1135  
20 1164 1134 1201 1168 0 0 0 0 0 255 -1451 -545 528 -17941 -16217 1134  
21 1189 1163 1227 1187 0 0 0 0 0 132 -1347 -698 2634 -16401 -17461 1131  
22 1204 1167 1246 1210 0 0 0 0 0 -253 -1874 -852 -363 -21072 -18867 1130  
23 1227 1205 1276 1233 0 0 0 0 0 410 -1314 -582 5435 -19532 -18441 1126  
24 1261 1218 1300 1264 0 0 0 0 0 -1409 -2567 -879 -1912 -21905 -20437 1123  
25 1287 1250 1325 1287 0 0 0 0 0 409 -636 -435 613 -18566 -19344 1120  
26 1286 1260 1341 1293 0 0 0 0 0 756 -638 -663 4237 -23366 -20751 1116  
27 1292 1249 1339 1297 0 0 0 0 0 -503 -2003 -694 404 -22398 -21575 1113  
28 1292 1250 1339 1292 0 0 0 0 0 -627 -1870 -799 800 -22626 -22649 1119  
29 1293 1252 1341 1296 0 0 0 0 0 -89 -1422 -884 1042 -23201 -23941 1118  
30 1293 1245 1341 1293 0 0 0 0 0 -470 -1065 -703 -374 -24084 -23999 1118  
31 1293 1243 1344 1291 0 0 0 0 0 214 -1229 -917 634 -24730 -25586 1119  
32 1292 1246 1346 1289 0 0 0 0 0 310 -1181 -840 3097 -24013 -26175 1119  
33 1306 1253 1360 1307 0 0 0 0 0 39 -1205 -692 291 -27112 -26420 1119  
34 1329 1286 1386 1322 0 0 0 0 0 1152 153 -604 5415 -23194 -26703 1116  
35 1337 1280 1388 1335 0 0 0 0 0 -907 -1164 -701 -815 -26491 -27744 1112  
36 1336 1278 1391 1335 0 0 0 0 0 96 -1255 -799 -436 -28061 -28818 1113  
37 1334 1281 1395 1331 0 0 0 0 0 306 -651 -743 2699 -27577 -29391 1113  
38 1336 1279 1397 1328 0 0 0 0 0 -102 -1542 -1011 3126 -27610 -31371 1113  
39 1344 1274 1402 1347 0 0 0 0 0 -1527 -2501 -783 -3760 -32716 -31310 1112  
40 1373 1310 1430 1364 0 0 0 0 0 255 -74 -828 770 -27823 -32303 1107  
41 1397 1333 1461 1393 0 0 0 0 0 -179 -1981 -773 1074 -30951 -32965 1103  
42 1405 1334 1472 1409 0 0 0 0 0 -391 -2082 -684 -1953 -35509 -33310 1098  
43 1408 1343 1469 1399 0 0 0 0 0 -240 -1122 -657 1430 -29132 -33864 1096  
44 1406 1337 1474 1403 0 0 0 0 0 197 -1324 -753 381 -33228 -34983 1098  
45 1406 1336 1475 1402 0 0 0 0 0 -350 -1640 -781 672 -33577 -35773 1100  
46 1423 1354 1484 1413 0 0 0 0 0 1165 439 -457 522 -30154 -35231 1095  
47 1440 1387 1519 1435 0 0 0 0 0 2096 -835 -178 7609 -31946 -34278 1084  
48 1472 1404 1545 1468 0 0 0 0 0 -859 -422 -586 2161 -34457 -36225 1085  
49 1501 1451 1548 1497 0 0 0 0 0 1556 2300 2081 891 -23615 -25253 1069  
50 1523 1514 1507 1556 0 0 0 0 0 -6160 9357 9440 -14587 -6348 10085 1071  
51 1483 1534 1500 1608 0 0 0 0 0 -7424 3784 13958 -14402 -22458 39655 1062  
52 1445 1540 1489 1644 0 0 0 0 0 -6268 -4719 16123 -16573 -38662 63998 1073  
53 1395 1587 1380 1656 0 0 0 0 -17766 -7487 244 8227 -26515 -18420 124558 1074  
54 1407 1524 1401 1641 0 0 0 0 -16066 -13121 -3690 -1952 -42364 -39233 99173 1075  
55 1454 1492 1467 1596 0 0 0 0 -833 -4982 -1103 -1846 -22604 -28893 42753 1081  
56 1386 1548 1514 1563 0 0 0 0 0 17979 -1376 1518 28308 -35463 53047 1088  
57 1391 1518 1494 1606 0 0 0 0 0 8012 -10987 3068 1947 -50330 61373 1090  
58 1389 1587 1430 1604 0 0 0 0 0 7812 8152 9640 7151 -13650 94174 1092  
59 1377 1568 1441 1611 0 0 4400 0 0 4124 2310 7414 3136 -29002 94175 1091  
60 1302 1585 1495 1598 0 0 9466 0 0 29259 -10642 8847 42753 -57479 107995 1087  
61 1312 1618 1434 1647 0 0 0 0 0 10845 -5652 12236 23736 -37822 131931 1084  
62 1314 1623 1417 1644 0 0 0 0 0 2900 4677 11065 20942 -31743 139060 1076  
63 1286 1630 1442 1644 0 0 0 0 0 13570 -4159 9346 35292 -46139 142544 1078  
64 1408 1584 1308 1669 0 0 0 0 0 -29131 13898 9670 -52123 788 153197 1064  
65 1351 1595 1371 1678 0 0 0 0 0 -16683 2946 4799 -18988 -28775 141704 1071  
66 1356 1517 1421 1656 0 0 0 0 0 -13944 -18270 -1713 -35886 -69295 116272 1068  
67 1412 1522 1401 1684 0 0 0 0 0 -20742 -1432 -2941 -52265 -46519 109792 1064  
68 1402 1534 1514 1685 0 0 0 0 0 -405 -14182 -6358 -16420 -72633 90222 1060  
69 1427 1526 1496 1717 0 0 0 0 0 -8312 -20181 -3416 -42699 -77213 97726 1059  
70 1514 1679 1267 1757 0 0 0 0 0 -39451 46081 26237 -115478 68136 214134 1032  
71 1662 1857 1069 1889 0 0 0 0 0 -131984 133379 175187 -264149 234574 400000 1043  
72 1789 1410 1397 1739 0 0 0 0 0 -251441 3211 -57007 -295364 23818 -21335 1071  
73 1905 1569 1192 1695 0 0 0 0 0 -396133 184993 -33232 -303032 245822 62313 1103  
74 1786 1980 1052 1801 0 0 0 0 0 -17246 290077 211555 -234267 392372 400000 1105  
75 1257 1882 1471 1520 0 0 0 0 0 330438 2789 56114 228700 64127 268205 1077  
76 1535 1877 1108 1819 0 0 0 0 0 -14856 -9139 8779 -146361 195282 375490 1106  
77 1659 1983 1050 1911 0 0 0 0 0 2064 -1785 -1624 -226173 266390 392220 1105  
78 1658 1989 1050 1911 0 0 0 0 0 -198 -403 -584 -225465 268554 395262 1105  
