line Motor1 Motor2 Motor3 Motor4 anglePITCH angleROLL clientPITCH clientROLL clientYAW inputPidPITCH inputPidROLL inputPidYAW outputPidPITCH outputPidROLL outputPidYAW Battery 
0 1052 1050 1059 1053 0 0 0 0 0 21 -1771 -823 160 -4764 -3681 1207  
1 1055 1050 1062 1053 0 0 0 0 0 73 -1684 -922 225 -4654 -5019 1212  
2 1061 1057 1069 1061 0 0 0 0 0 67 -1879 -934 298 -5508 -5938 1212  
3 1057 1052 1066 1056 0 0 0 0 0 170 -1604 -985 239 -6700 -7123 1214  
4 1055 1050 1066 1053 0 0 0 0 0 51 -1643 -949 91 -7052 -7959 1212  
5 1055 1051 1067 1054 0 0 0 0 0 45 -1596 -935 473 -7817 -8871 1211  
6 1054 1050 1068 1054 0 0 0 0 0 188 -1466 -952 590 -8168 -9867 1214  
7 1055 1050 1072 1055 0 0 0 0 0 24 -1682 -988 439 -9978 -10964 1214  
8 1055 1050 1073 1055 0 0 0 0 0 121 -1822 -907 397 -10815 -11591 1214  
9 1076 1058 1099 1073 0 0 0 0 0 133 -1612 -1125 916 -11057 -13490 1210  
10 1108 1082 1134 1107 0 0 0 0 0 -66 -1480 -899 -73 -13442 -13588 1210  
11 1130 1106 1154 1123 0 0 0 0 0 127 -1744 -1087 1045 -11409 -15318 1207  
12 1157 1124 1184 1152 0 0 0 0 0 -133 -1689 -1112 -443 -14154 -16538 1206  
13 1168 1137 1199 1163 0 0 0 0 0 149 -1640 -923 1140 -14196 -16820 1205  
14 1169 1136 1202 1162 0 0 0 0 0 71 -1518 -1090 1538 -14501 -18504 1202  
15 1166 1133 1204 1165 0 0 0 0 0 385 -1807 -778 1368 -17344 -18144 1205  
16 1170 1130 1203 1164 0 0 0 0 0 -62 -1422 -963 -359 -16778 -19807 1205  
17 1186 1147 1224 1181 0 0 0 0 0 -155 -1844 -1020 919 -18134 -20995 1203  
18 1215 1172 1250 1207 0 0 0 0 0 -82 -1724 -864 -68 -17606 -21329 1200  
19 1237 1196 1284 1234 0 0 0 0 0 342 -1844 -966 2093 -21314 -22635 1196  
20 1271 1223 1307 1262 0 0 0 0 0 -82 -1659 -1070 -635 -18615 -24082 1193  
21 1289 1242 1339 1288 0 0 0 0 0 -133 -1566 -1021 829 -23333 -24865 1184  
22 1290 1244 1346 1294 0 0 0 0 0 203 -2354 -874 1476 -26587 -25294 1189  
23 1301 1255 1337 1287 0 0 0 0 0 269 -897 -593 1013 -17678 -24888 1183  
24 1294 1246 1344 1288 0 0 0 0 0 10 -966 -781 2017 -23090 -26343 1187  
25 1304 1249 1354 1297 0 0 0 0 0 482 -1675 -867 620 -24659 -27482 1186  
26 1336 1277 1381 1318 0 0 0 0 0 -257 -1904 -1235 1364 -21723 -30109 1182  
27 1355 1298 1416 1352 0 0 0 0 0 104 -2090 -1022 1558 -28686 -30377 1176  
28 1390 1319 1437 1387 0 0 0 0 0 -1484 -2534 -1019 -5895 -29415 -31234 1166  
29 1409 1352 1477 1405 0 0 0 0 0 673 -1757 -705 4049 -29670 -30923 1159  
30 1439 1376 1486 1434 0 0 0 0 0 -1849 -1804 426 -1693 -28164 -26793 1147  
31 1453 1373 1464 1448 0 0 0 0 0 -4143 -957 1254 -14135 -23559 -22325 1152  
32 1441 1383 1453 1459 0 0 0 0 0 -6102 2586 3352 -17284 -20850 -11921 1151  
33 1440 1391 1429 1485 0 0 0 0 0 -10069 3179 5742 -26443 -20830 1726 1156  
34 1408 1456 1462 1511 0 0 0 0 0 3581 866 9325 -274 -27327 24142 1163  
35 1455 1519 1380 1590 0 0 0 0 0 -7950 5675 17079 -36738 738 68329 1148  
36 1371 1529 1476 1605 0 0 0 0 0 902 -9392 17719 4829 -48446 88532 1131  
37 1405 1529 1427 1655 0 0 0 0 0 -7712 -18575 16990 -42404 -53352 103129 1132  
38 1369 1615 1403 1645 0 0 0 0 -100 2446 3780 18583 -2109 -17858 127695 1134  
39 1354 1592 1330 1648 0 0 0 0 -2500 -3952 6216 16740 -28067 -14186 150327 1139  
40 1333 1587 1356 1611 0 0 0 0 0 3481 11876 12873 412 -11463 139725 1139  
41 1333 1578 1331 1575 0 0 0 0 0 11029 10961 10126 8701 12571 140143 1135  
42 1344 1577 1311 1613 0 0 0 0 0 -1933 9656 8260 -20612 -2319 141756 1139  
43 1308 1568 1321 1585 0 0 0 0 -3466 -2005 818 3868 -7430 -9858 146731 1139  
44 1339 1569 1298 1596 0 0 0 -21899 0 -4055 -13673 3956 -20394 4586 137838 1142  
45 1332 1517 1320 1617 0 0 0 -47866 0 -5705 -54358 733 -32489 -26019 127547 1144  
46 1313 1515 1347 1609 0 0 0 -28866 0 -558 -37305 -895 -12045 -31905 120846 1143  
47 1338 1515 1331 1600 0 0 5933 -5366 0 2603 -10278 -1964 -25689 -23820 114852 1139  
48 1359 1529 1304 1599 0 0 35432 0 0 25805 5390 -565 -33508 -5441 118837 1140  
49 1305 1581 1364 1548 0 0 23799 0 0 45934 4093 398 28291 -4169 123187 1139  
50 1379 1541 1292 1576 0 0 1566 0 0 -2580 11418 -1977 -32901 11906 112839 1141  
51 1342 1583 1331 1539 0 0 0 0 0 6529 10432 372 10230 17137 120564 1136  
52 1374 1592 1273 1565 0 0 0 0 0 -1419 19630 3161 -21721 37806 134261 1140  
53 1395 1577 1282 1578 0 0 0 0 0 -7485 12066 609 -34781 29273 126372 1142  
54 1428 1573 1318 1568 0 0 0 0 0 -9764 4931 -4246 -26334 30761 105198 1139  
55 1450 1563 1319 1556 0 0 0 0 0 -3795 10806 -5615 -26228 38623 93710 1122  
56 1430 1564 1333 1588 0 0 0 0 0 -836 1066 -2646 -31254 19736 101941 1130  
57 1437 1558 1318 1595 0 0 0 0 0 -7017 375 -2219 -40620 22110 101401 1139  
58 1430 1529 1341 1593 0 0 0 0 0 -6435 -5946 -4181 -42070 3533 90736 1137  
59 1437 1544 1338 1581 0 0 0 0 0 -5594 -3495 -3131 -36091 15823 90420 1130  
60 1427 1551 1351 1611 0 0 0 0 0 -3675 -5892 -462 -33342 4796 99804 1130  
61 1460 1549 1367 1624 0 0 0 0 0 -2502 -3893 -2372 -46397 868 90546 1128  
62 1426 1570 1364 1629 0 0 0 0 0 762 -5695 2786 -28876 3131 111119 1129  
63 1456 1563 1339 1633 0 0 0 0 0 -6775 489 1131 -50458 8811 107145 1131  
64 1455 1529 1360 1660 0 0 0 0 0 -7369 -9969 -793 -58706 -10510 99172 1139  
65 1439 1572 1337 1626 0 0 0 -10000 0 -2044 -6333 3207 -43165 8915 116388 1144  
66 1430 1569 1336 1665 0 0 0 -45633 0 -2297 -50044 4885 -48266 3184 126777 1146  
67 1380 1586 1348 1659 0 0 0 -36866 0 6497 -41477 7607 -30628 -13062 144786 1149  
68 1400 1591 1324 1675 0 0 0 -11266 0 2064 -15760 6882 -39955 -447 149008 1156  
69 1410 1570 1320 1664 0 0 0 -233 0 -4472 -619 4035 -50170 -6294 143435 1151  
70 1415 1593 1346 1648 0 0 0 0 0 3202 1428 -454 -30951 2943 126706 1142  
71 1451 1609 1333 1633 0 0 0 0 0 576 12014 -1674 -36404 24896 120459 1139  
72 1450 1617 1336 1618 0 0 0 8166 0 6428 14670 -2254 -30690 28679 116491 1132  
73 1457 1588 1358 1613 0 0 0 499 0 625 7356 -4042 -33414 18612 106261 1120  
74 1469 1630 1321 1617 0 0 0 2333 0 -312 15418 436 -36686 44752 122590 1112  
75 1509 1636 1303 1553 0 0 0 8066 0 4157 33932 -3424 -29384 78224 105850 1111  
76 1487 1593 1376 1587 0 0 0 0 0 -3436 6630 -5552 -33369 34399 92276 1112  
77 1520 1563 1317 1596 0 0 0 200 0 -12793 3712 -4398 -64611 41689 92463 1108  
78 1484 1596 1357 1595 0 0 0 5000 0 1309 4906 -1767 -35147 32800 98913 1104  
79 1492 1569 1347 1613 0 0 0 0 0 -1863 -2564 -728 -52202 28194 102092 1108  
80 1464 1584 1326 1641 0 0 0 0 0 -3720 -7240 2054 -50221 17130 114290 1123  
81 1450 1554 1361 1607 0 0 0 10900 0 -3538 -1370 -1711 -34788 9724 99102 1119  
82 1466 1574 1358 1584 0 0 0 2966 0 12297 5650 -1866 -26857 32702 96828 1113  
83 1455 1585 1366 1636 0 0 0 0 0 2233 -6379 1669 -36536 10061 109957 1109  
84 1418 1585 1329 1647 0 0 0 0 0 1979 -6460 5396 -40909 9136 128624 1118  
85 1389 1580 1296 1610 0 0 0 0 0 639 -5047 4657 -31965 15196 131674 1131  
86 1403 1537 1305 1609 0 0 0 0 0 -63 -4937 -242 -42647 8548 114260 1131  
87 1396 1534 1324 1573 0 0 0 0 0 5703 -260 -2990 -19382 14096 101769 1123  
88 1407 1510 1325 1552 0 0 0 0 0 2710 -2421 -6135 -33793 9879 84080 1132  
89 1382 1505 1341 1567 0 0 0 12699 0 3744 5447 -3661 -24295 -7355 89050 1134  
90 1405 1557 1293 1542 0 0 0 30866 0 3234 35588 145 -26111 33886 102455 1141  
91 1397 1522 1311 1561 0 0 0 5833 0 -994 10069 -1766 -31839 12514 94327 1140  
92 1413 1512 1302 1566 0 0 0 0 0 -2846 -1023 -1789 -40572 13854 92078 1140  
93 1408 1484 1305 1594 0 0 0 17800 0 -10722 10939 -1356 -55224 -3032 92472 1131  
94 1435 1515 1270 1581 0 0 0 24933 0 -8749 27699 1235 -62438 22525 102749 1130  
95 1413 1482 1293 1608 0 0 0 4066 0 -13790 -431 706 -66686 -5722 101392 1126  
96 1405 1444 1293 1650 0 0 0 0 0 -19187 -22001 1673 -94921 -34620 106572 1126  
97 1359 1527 1270 1630 0 0 0 0 0 1435 -59 8139 -50292 -3742 137663 1127  
98 1313 1513 1327 1622 0 0 0 0 0 12831 -15833 4185 -28451 -34060 128046 1137  
99 1325 1512 1327 1618 0 0 0 0 0 8696 -7807 1921 -28063 -29124 121999 1138  
100 1342 1502 1321 1619 0 0 0 0 0 6515 -9169 586 -36520 -27918 117830 1137  
101 1311 1508 1347 1619 0 0 0 0 0 9869 -7172 595 -19510 -37498 118323 1140  
102 1297 1521 1331 1633 0 0 0 0 0 8719 -6337 3625 -21216 -38313 132611 1144  
103 1232 1555 1340 1669 0 0 0 0 0 13502 -16793 10672 1145 -58450 167095 1142  
104 1158 1617 1320 1710 0 0 0 0 0 23308 -18339 20641 24125 -72014 222894 1146  
105 1185 1662 1247 1691 0 0 0 0 0 10749 -737 21399 10430 -31286 248255 1141  
106 1173 1622 1311 1668 0 0 0 0 0 24183 -1004 12268 32835 -47132 228924 1140  
107 1240 1523 1303 1734 0 0 0 0 0 -10156 -23203 2792 -37879 -86467 198037 1140  
108 1312 1609 1286 1793 0 0 0 0 0 -61262 5031 34832 -65627 -56850 300619 1126  
109 1217 1643 1258 1749 0 0 0 0 0 11545 1554 16255 -8272 -51024 297736 1137  
110 1283 1559 1277 1731 0 0 0 0 0 -8917 -5791 -3411 -46087 -55675 224041 1146  
111 1314 1563 1286 1673 0 0 0 0 0 -6283 10521 -12850 -35377 -26357 178123 1152  
112 1325 1491 1313 1668 0 0 0 0 0 -1699 229 -18471 -43935 -45800 139883 1149  
113 1351 1500 1357 1589 0 0 0 0 0 4701 8823 -23389 -20814 -28518 98529 1147  
