line Motor1 Motor2 Motor3 Motor4 anglePITCH angleROLL clientPITCH clientROLL clientYAW inputPidPITCH inputPidROLL inputPidYAW outputPidPITCH outputPidROLL outputPidYAW Battery 
0 1053 1050 1057 1053 0 0 0 0 0 -27 -1358 -695 -59 -3310 -3124 1177  
1 1053 1050 1058 1051 0 0 0 0 0 -121 -1395 -987 -332 -4004 -5148 1175  
2 1053 1050 1060 1052 0 0 0 0 0 -28 -1536 -838 -233 -5173 -5511 1177  
3 1053 1050 1061 1051 0 0 0 0 0 -16 -1512 -955 -22 -5154 -6839 1178  
4 1053 1050 1063 1051 0 0 0 0 0 -18 -1415 -957 -79 -6035 -7759 1178  
5 1053 1050 1063 1051 0 0 0 0 0 -31 -1300 -788 -236 -6580 -7988 1178  
6 1052 1050 1065 1051 0 0 0 0 0 -8 -1340 -719 -173 -7512 -8487 1178  
7 1052 1050 1066 1051 0 0 0 0 0 -43 -1330 -770 -201 -7884 -9429 1177  
8 1052 1050 1068 1051 0 0 0 0 0 -17 -1269 -800 -177 -8610 -10316 1178  
9 1054 1050 1069 1051 0 0 0 0 0 -3 -1130 -805 -60 -8573 -11116 1178  
10 1067 1051 1086 1064 0 0 0 0 0 -25 -1349 -666 -383 -9859 -11361 1177  
11 1095 1069 1116 1089 0 0 0 0 0 12 -1318 -944 47 -10464 -13236 1177  
12 1121 1094 1143 1117 0 0 0 0 0 -90 -1332 -753 -182 -11257 -13350 1175  
13 1149 1119 1172 1144 0 0 0 0 0 -111 -1541 -853 -553 -12203 -14560 1173  
14 1176 1145 1202 1170 0 0 0 0 0 206 -1440 -900 153 -12957 -15611 1170  
15 1203 1171 1229 1197 0 0 0 0 0 -52 -1271 -759 28 -12865 -15805 1168  
16 1226 1189 1252 1219 0 0 0 0 0 24 -1306 -948 -791 -14099 -17506 1165  
17 1241 1208 1273 1238 0 0 0 0 0 -103 -1527 -597 404 -15628 -16845 1163  
18 1272 1236 1297 1264 0 0 0 0 0 316 -1122 -488 -266 -13544 -16977 1158  
19 1292 1258 1331 1298 0 0 0 0 0 225 -2277 -60 565 -20167 -15552 1155  
20 1318 1284 1358 1312 0 0 0 0 0 281 -1689 -875 2919 -17029 -19180 1150  
21 1328 1284 1352 1320 0 0 0 0 0 197 -1126 -615 -3329 -14928 -18874 1153  
22 1316 1284 1365 1319 0 0 0 0 0 254 -1109 -649 3524 -20871 -19572 1154  
23 1325 1283 1356 1319 0 0 0 0 0 -841 -1049 -580 -1285 -16814 -19987 1153  
24 1322 1276 1363 1323 0 0 0 0 0 -143 -1724 -756 -1401 -22006 -21460 1153  
25 1330 1288 1372 1326 0 0 0 0 0 523 -1544 -755 1049 -19990 -22112 1154  
26 1361 1313 1398 1352 0 0 0 0 0 362 -826 -908 -87 -18949 -23569 1153  
27 1379 1335 1435 1384 0 0 0 0 0 395 -1750 -778 1949 -26600 -23836 1147  
28 1410 1373 1453 1405 0 0 0 0 0 502 -1390 -61 2996 -18922 -21426 1141  
29 1418 1375 1466 1416 0 0 0 0 0 472 -1335 -418 1915 -22335 -23201 1134  
30 1416 1385 1458 1428 0 0 0 0 0 -645 588 1731 907 -22042 -14428 1126  
31 1401 1388 1464 1429 0 0 0 0 0 3932 -1809 1730 7333 -26501 -11522 1131  
32 1403 1389 1467 1417 0 0 0 0 0 4069 -1282 618 9196 -23042 -15801 1132  
33 1409 1395 1463 1413 0 0 0 0 0 601 -373 415 9870 -18855 -15401 1134  
34 1422 1397 1486 1425 0 0 0 0 0 1794 -1097 -652 10250 -24495 -20079 1129  
35 1464 1428 1487 1454 0 0 0 0 0 -2236 3070 157 -797 -12582 -17198 1122  
36 1435 1466 1499 1501 0 0 0 0 0 1182 200 5844 7223 -24753 8366 1124  
37 1404 1464 1460 1572 0 0 0 0 0 -7023 -6487 12230 -12963 -40565 42951 1127  
38 1384 1510 1453 1585 0 0 0 0 0 436 -5521 14152 -1425 -36048 64426 1127  
39 1451 1526 1479 1584 0 0 0 0 0 -7232 2552 6500 -7556 -21565 44616 1110  
40 1473 1549 1519 1604 0 0 0 0 0 1187 -4869 4434 -2988 -26164 41329 1099  
41 1503 1566 1492 1615 0 0 0 0 0 -6376 9816 4858 -14981 -9253 47335 1091  
42 1533 1546 1455 1633 0 0 0 0 0 -16434 4984 4683 -44815 -5491 51593 1088  
43 1492 1568 1465 1641 0 0 0 0 0 -8186 3888 7163 -28520 -14037 67146 1087  
44 1502 1607 1441 1619 0 0 0 -21399 0 -5529 -10789 7435 -21351 11501 75747 1082  
45 1479 1579 1460 1646 0 0 0 -22799 0 -440 -23474 5856 -23913 -14191 76175 1087  
46 1454 1585 1484 1640 0 0 366 -2600 0 3981 -8530 4707 -8805 -23886 76509 1087  
47 1470 1587 1462 1635 0 0 13266 0 0 9583 -844 4315 -18406 -13348 79648 1087  
48 1441 1620 1480 1628 0 0 2833 0 0 15402 -1126 5053 9176 -13600 86858 1087  
49 1464 1602 1425 1674 0 0 12733 0 0 6594 2360 7516 -32591 -5863 103372 1084  
50 1440 1609 1448 1666 0 0 16799 0 0 17645 2771 5328 -14917 -18827 101462 1089  
51 1460 1587 1430 1684 0 0 38732 0 0 26537 -2251 4697 -38466 -19294 103429 1084  
52 1420 1632 1456 1660 0 0 26666 0 0 36618 12 5729 2030 -16205 113032 1084  
53 1436 1622 1437 1648 0 0 3866 0 0 9576 1612 2683 -7515 -8937 105354 1089  
54 1444 1567 1418 1630 0 0 0 0 0 -3627 -1155 -1721 -25112 -11637 88101 1085  
55 1434 1556 1400 1593 0 0 0 0 0 -1664 3657 -2491 -17603 -606 82585 1089  
56 1439 1534 1369 1599 0 0 0 0 0 -9549 9802 -1542 -37111 2422 84443 1091  
57 1420 1524 1356 1562 0 0 0 0 0 -3176 7034 -2055 -29072 6364 80603 1097  
58 1450 1481 1323 1548 0 0 0 0 0 -10234 7816 -5357 -48788 14978 63631 1110  
59 1415 1473 1351 1551 0 0 0 0 0 -3862 2228 -3818 -35321 -3667 64844 1115  
60 1426 1480 1326 1556 0 0 0 0 0 -5237 613 -1737 -43670 6009 70982 1115  
61 1427 1458 1320 1542 0 0 0 0 0 -8277 3139 -2817 -48902 6628 64089 1114  
62 1413 1440 1302 1534 0 0 0 0 0 -6556 3871 -1293 -54404 7223 67849 1117  
63 1429 1437 1276 1536 0 0 0 0 0 -9258 3451 -1187 -63200 13902 67479 1119  
64 1429 1419 1293 1542 0 0 0 0 0 -9748 509 -2247 -66666 5003 61224 1117  
65 1411 1428 1281 1568 0 0 0 0 0 -9459 -391 2286 -69459 -415 78874 1116  
66 1431 1408 1203 1618 0 0 0 0 0 -21474 2236 6350 -112578 6113 100048 1117  
67 1442 1372 1199 1678 0 0 0 0 0 -39562 -5326 9201 -155841 -3831 118728 1104  
68 1436 1396 1165 1683 0 0 0 0 0 -33535 3190 10520 -154471 9386 134765 1104  
69 1379 1380 1250 1658 0 0 0 0 0 -8779 -12044 3489 -108955 -34154 113972 1107  
70 1378 1368 1317 1601 0 0 -12399 0 0 2699 -21943 -5371 -76654 -42072 77394 1109  
71 1372 1426 1305 1530 0 0 -18799 0 0 -524 -2115 -5604 -45443 -8842 70626 1114  
72 1327 1481 1356 1460 0 0 -23966 0 0 21836 6916 -5469 13352 -2873 65310 1124  
73 1243 1551 1405 1428 0 0 -28766 0 0 29788 -1442 102 72939 -11515 84914 1126  
74 1246 1470 1467 1466 0 0 -37532 0 0 7587 -20267 -5294 64288 -59319 61215 1122  
75 1266 1538 1425 1430 0 0 -47066 0 0 -8106 -5877 218 72295 -17669 79302 1114  
76 1200 1469 1392 1490 0 0 -21466 0 0 7547 -9502 3682 47494 -57676 96762 1124  
77 1291 1388 1265 1541 0 0 -1533 0 0 -25799 -3523 2290 -44047 -31987 93724 1130  
78 1253 1412 1377 1554 0 0 0 0 0 -11158 -12832 -139 -3397 -67540 85081 1130  
79 1636 1286 1617 1278 0 0 0 0 0 -21864 66491 -118508 -9870 14593 -268957 1102  
80 1713 1113 1758 1317 0 0 0 0 0 -38517 -48260 -75506 -83535 -116108 -350278 1105  
81 1573 1289 1549 1293 0 0 0 0 0 809 2441 -6677 -8658 3201 -142001 1125  
82 1422 1421 1467 1403 0 0 0 0 0 19903 10215 24184 19348 -11017 -8100 1119  
83 1342 1461 1414 1466 0 0 0 0 0 16995 1136 29891 17131 -19561 44324 1129  
84 1316 1497 1409 1457 0 0 0 0 0 18894 2407 26435 34049 -13993 58435 1131  
85 1305 1478 1416 1480 0 0 0 0 0 13763 -3074 20937 27990 -29109 60034 1131  
