line Motor1 Motor2 Motor3 Motor4 anglePITCH angleROLL clientPITCH clientROLL clientYAW inputPidPITCH inputPidROLL inputPidYAW outputPidPITCH outputPidROLL outputPidYAW Battery 
0 1052 1050 1062 1051 0 0 0 0 0 -38 -2138 -1581 -16 -5816 -7095 1175  
1 1056 1050 1065 1053 0 0 0 0 0 54 -2349 -1639 -1 -6312 -8992 1173  
2 1057 1050 1067 1053 0 0 0 0 0 -60 -2127 -1600 -76 -7013 -10459 1174  
3 1057 1050 1068 1052 0 0 0 0 0 28 -1822 -1476 -56 -6762 -11524 1174  
4 1056 1050 1071 1051 0 0 0 0 0 -124 -1971 -1570 -268 -9138 -13415 1174  
5 1055 1050 1073 1050 0 0 0 0 0 -79 -1953 -1585 -211 -9597 -14985 1175  
6 1056 1050 1075 1050 0 0 0 0 0 -58 -1802 -1550 -309 -10152 -16447 1176  
7 1057 1050 1078 1050 0 0 0 0 0 -30 -1644 -1558 -263 -10769 -18032 1175  
8 1056 1050 1080 1050 0 0 0 0 0 -89 -2005 -1247 -182 -12600 -18196 1175  
9 1057 1050 1082 1050 0 0 0 0 0 -27 -1892 -1424 -368 -13459 -20261 1176  
10 1059 1050 1084 1050 0 0 0 0 0 -43 -1644 -1553 -265 -13369 -22265 1176  
11 1060 1050 1086 1050 0 0 0 0 0 7 -1658 -1464 -204 -14219 -23435 1176  
12 1059 1050 1088 1050 0 0 0 0 0 -64 -1796 -1360 -522 -15582 -24393 1176  
13 1059 1050 1090 1050 0 0 0 0 0 -5 -1677 -1254 -10 -16009 -25271 1176  
14 1060 1050 1092 1050 0 0 0 0 0 -21 -1594 -1315 -553 -16872 -26795 1176  
15 1061 1050 1094 1050 0 0 0 0 0 -55 -1616 -1370 -361 -17504 -28347 1176  
16 1061 1050 1097 1050 0 0 0 0 0 19 -1517 -1434 -248 -18507 -30004 1176  
17 1061 1050 1099 1050 0 0 0 0 0 -52 -1569 -1332 -325 -19365 -30989 1175  
18 1062 1050 1100 1050 0 0 0 0 0 -98 -1650 -1183 -872 -19865 -31636 1176  
19 1061 1050 1103 1050 0 0 0 0 0 -68 -1817 -1238 -248 -21594 -33108 1175  
20 1062 1050 1104 1050 0 0 0 0 0 -61 -1598 -1221 -499 -21723 -34272 1174  
21 1063 1050 1106 1050 0 0 0 0 0 -42 -1719 -1280 -664 -22437 -35721 1175  
22 1062 1050 1109 1050 0 0 0 0 0 -24 -1813 -1093 -347 -24034 -36173 1175  
23 1064 1050 1110 1050 0 0 0 0 0 -19 -1693 -1180 -827 -24374 -37697 1175  
24 1063 1050 1113 1050 0 0 0 0 0 0 -1756 -1116 -295 -25781 -38572 1175  
25 1064 1050 1115 1050 0 0 0 0 0 32 -1543 -1160 -288 -25919 -39897 1175  
26 1064 1050 1116 1050 0 0 0 0 0 -83 -1525 -1106 -495 -26648 -40764 1175  
27 1077 1050 1130 1052 0 0 0 0 0 -35 -1500 -1119 -628 -27436 -41913 1175  
28 1104 1050 1157 1075 0 0 0 0 0 -118 -1606 -986 -1294 -28039 -42507 1174  
29 1130 1053 1187 1100 0 0 0 0 0 -93 -1551 -1059 -225 -29008 -43829 1172  
30 1140 1055 1201 1109 0 0 0 0 0 224 -1377 -1256 243 -30061 -45765 1172  
31 1143 1057 1199 1111 0 0 0 0 0 -55 -1536 -987 -1669 -29746 -45789 1171  
32 1144 1058 1208 1112 0 0 0 0 0 63 -1450 -1140 355 -31509 -47460 1171  
33 1172 1074 1230 1137 0 0 0 0 0 -223 -1267 -1149 -2194 -30833 -48645 1169  
34 1185 1089 1254 1153 0 0 0 0 0 270 -1810 -1202 664 -34055 -50038 1168  
35 1213 1109 1271 1171 0 0 0 0 0 8 -1306 -1210 -1199 -30560 -51283 1166  
36 1211 1112 1285 1178 0 0 0 0 0 265 -1413 -1195 1281 -36529 -52442 1165  
37 1218 1113 1279 1175 0 0 0 0 0 -248 -787 -1104 -951 -31794 -53164 1165  
38 1218 1113 1283 1176 0 0 0 0 0 212 -1361 -1019 -595 -34390 -53959 1166  
39 1215 1111 1286 1178 0 0 0 0 0 -69 -1429 -1127 -639 -36506 -55445 1165  
40 1220 1113 1286 1174 0 0 0 0 0 133 -1025 -1036 329 -33996 -56162 1165  
41 1216 1110 1288 1176 0 0 0 0 0 -423 -1024 -945 -808 -37264 -56808 1164  
42 1217 1104 1292 1177 0 0 0 0 0 -55 -1981 -1029 -707 -39548 -58089 1164  
43 1239 1122 1306 1189 0 0 0 0 0 279 -1361 -1288 -1313 -35659 -60297 1163  
44 1259 1136 1334 1211 0 0 0 0 0 -52 -710 -1332 -342 -38161 -61820 1163  
45 1260 1140 1339 1212 0 0 0 0 0 451 -1415 -1111 1269 -38249 -62087 1159  
46 1260 1134 1341 1216 0 0 0 0 0 -238 -1335 -1086 -548 -41334 -63112 1159  
47 1259 1132 1343 1215 0 0 0 0 0 124 -1547 -1086 25 -41849 -64174 1160  
48 1269 1141 1354 1223 0 0 0 0 0 317 -1532 -1104 213 -42040 -65327 1160  
49 1278 1142 1358 1227 0 0 0 0 0 -447 -1443 -1222 -1517 -41709 -66977 1158  
50 1277 1142 1360 1228 0 0 0 0 0 -88 -1516 -1011 -935 -43023 -67307 1158  
51 1274 1142 1366 1228 0 0 0 0 0 -320 -1512 -985 492 -45484 -68205 1158  
52 1298 1157 1384 1250 0 0 0 0 0 -25 -1448 -959 -1985 -45417 -69074 1156  
53 1323 1180 1405 1268 0 0 0 0 0 27 -1744 -1013 -1643 -43851 -70262 1153  
54 1326 1183 1402 1269 0 0 0 0 0 -860 -100 -729 -3364 -42166 -69959 1152  
55 1316 1181 1413 1274 0 0 0 0 0 -494 -1441 -894 -7 -48929 -71431 1151  
56 1340 1205 1426 1280 0 0 0 0 0 694 -1462 -1018 573 -42830 -72941 1147  
57 1362 1215 1451 1305 0 0 0 0 0 -259 -276 -1038 -1104 -45370 -74056 1146  
58 1363 1212 1460 1312 0 0 0 0 0 95 -1334 -1154 -1887 -50696 -75659 1146  
59 1362 1212 1456 1311 0 0 0 0 0 -321 -1269 -612 -1314 -48447 -74264 1145  
60 1363 1217 1464 1311 0 0 0 0 0 216 -2216 -833 743 -49880 -75920 1145  
61 1394 1227 1479 1336 0 0 0 0 0 -834 -1143 -1218 -6493 -49312 -78442 1142  
62 1390 1231 1496 1337 0 0 0 0 0 -195 -1543 -1315 -195 -53317 -80002 1140  
63 1399 1237 1488 1331 0 0 0 0 0 -11 -932 -1097 -1700 -46763 -80421 1138  
64 1393 1232 1497 1336 0 0 0 0 0 684 -1608 -929 -190 -53538 -80752 1137  
65 1391 1234 1497 1334 0 0 0 0 0 207 -1156 -756 923 -52524 -80878 1136  
66 1406 1247 1512 1348 0 0 0 0 0 739 -1447 -811 101 -52933 -81934 1145  
67 1412 1251 1509 1348 0 0 0 0 0 -695 1083 -990 -1745 -50033 -83508 1142  
68 1407 1252 1515 1346 0 0 0 0 0 600 -688 -803 1338 -52758 -83821 1143  
69 1404 1253 1516 1345 0 0 0 0 0 2361 -2894 -300 3565 -53167 -82278 1146  
70 1408 1238 1518 1352 0 0 0 0 0 244 -3157 -1044 -2827 -57854 -85970 1147  
71 1406 1249 1545 1359 0 0 0 0 0 899 -2659 -1226 5472 -63778 -87635 1145  
72 1420 1253 1541 1356 0 0 0 0 0 891 -2247 -1074 4201 -57075 -88278 1144  
73 1419 1247 1539 1363 0 0 0 0 0 572 -1326 -768 152 -60275 -88000 1145  
74 1416 1250 1539 1367 0 0 0 0 0 -1212 -659 -206 -187 -61779 -86245 1142  
75 1445 1266 1530 1369 0 0 0 0 0 -3215 3124 -167 -5732 -48083 -86458 1142  
76 1469 1278 1547 1385 0 0 0 0 0 -1341 355 -605 -7326 -47087 -88525 1139  
77 1455 1276 1560 1391 0 0 0 0 0 -1209 1846 -469 -4182 -56295 -88568 1139  
78 1466 1298 1577 1398 0 0 0 0 0 -1133 297 -334 1093 -54350 -88233 1137  
79 1492 1347 1581 1424 0 0 0 0 0 1032 4839 2589 3299 -41475 -75759 1135  
80 1456 1377 1528 1484 0 0 0 0 0 -1968 4533 12143 -8868 -44786 -30936 1130  
81 1419 1531 1404 1490 0 0 0 0 0 4578 21631 27144 6499 14270 49421 1135  
82 1391 1496 1409 1597 0 0 0 0 0 -8928 10783 26167 -20694 -29622 73131 1135  
83 1326 1502 1471 1602 0 0 0 0 0 6925 -10849 21197 11273 -61394 77098 1131  
84 1367 1545 1404 1601 0 0 0 0 -2166 253 2770 18421 -4266 -24083 94318 1126  
85 1405 1554 1411 1632 0 0 0 0 -2166 -7008 9336 13722 -18878 -21398 95346 1118  
86 1434 1599 1422 1640 0 0 0 0 0 -4712 12131 13809 -14314 -8193 101676 1113  
87 1399 1597 1491 1667 0 0 0 0 0 2992 -9703 10456 4010 -42205 99741 1108  
88 1392 1612 1433 1729 0 0 0 0 -9232 -2761 -7581 8963 -26642 -43422 142832 1110  
89 1341 1715 1212 1813 0 0 0 0 -39566 -33632 21134 8355 -80154 2256 297155 1106  
90 1274 1630 1349 1736 0 0 0 0 -25866 -1436 -13562 -7710 -15560 -58079 213922 1110  
91 1358 1579 1457 1666 0 0 0 0 -3333 11399 -11285 -11798 656 -48456 109802 1115  
92 1366 1552 1486 1646 0 0 9200 0 0 18190 -9528 -10059 5216 -53639 93215 1109  
93 1374 1548 1483 1661 0 0 44233 0 0 51161 -12172 -7988 -2125 -57959 92571 1110  
94 1352 1539 1553 1622 0 0 61933 0 0 78081 -11172 -12193 30127 -71938 66185 1112  
95 1382 1488 1549 1646 0 0 38999 0 0 48172 -14130 -11923 4357 -82199 54254 1109  
96 1394 1524 1496 1650 0 0 3700 -9332 0 1509 -16249 -4002 -7000 -58235 77659 1107  
97 1372 1501 1480 1699 0 0 -2933 -5399 0 -18077 -22286 623 -29924 -81831 95104 1105  
98 1389 1515 1437 1705 0 0 0 0 0 -13708 328 3161 -42831 -64134 107342 1106  
99 1392 1529 1411 1718 0 0 0 0 0 -15838 2961 5708 -48482 -57456 121498 1104  
100 1356 1509 1415 1751 0 0 0 0 0 -13873 -12253 7733 -56410 -85379 136953 1105  
101 1379 1558 1396 1756 0 0 0 -333 0 -12114 1110 9392 -53005 -56174 152081 1104  
102 1379 1535 1394 1747 0 0 0 -6599 0 -11759 -6754 5274 -57286 -65457 143475 1107  
103 1397 1534 1394 1743 0 0 0 -400 0 -7886 -3230 3062 -63441 -55078 137959 1107  
104 1393 1521 1408 1748 0 0 0 -24166 0 -12155 -19545 1743 -65146 -65877 135620 1102  
105 1396 1518 1397 1754 0 0 0 -9133 0 -7400 -10263 2387 -70287 -61284 139756 1103  
106 1423 1569 1366 1716 0 0 -14133 -19099 0 -12667 6567 845 -51455 -22178 136106 1104  
107 1434 1502 1393 1736 0 0 -7533 -9599 0 -20990 -8069 -2867 -80859 -52733 119073 1103  
108 1405 1513 1389 1734 0 0 -6800 0 0 -10591 -3419 -583 -65247 -55605 127241 1107  
109 1433 1537 1387 1706 0 0 -31033 0 0 -27615 5591 -2730 -66352 -35092 116825 1104  
110 1470 1500 1348 1728 0 0 -11566 0 0 -31883 8136 -1801 -103180 -34262 118022 1105  
111 1449 1520 1372 1710 0 0 0 0 0 -1905 8117 -1581 -78687 -37679 117510 1104  
112 1469 1524 1368 1682 0 0 0 0 0 -5114 12958 -4954 -74173 -23960 100695 1106  
113 1474 1549 1407 1632 0 0 0 0 0 13217 20937 -7772 -38865 -6661 82825 1103  
114 1466 1551 1401 1642 0 0 0 0 0 14370 14933 -5464 -42063 -10531 85579 1108  
115 1457 1520 1418 1657 0 0 0 0 0 5867 -1080 -5676 -48430 -29516 79131 1108  
116 1425 1517 1423 1615 0 0 0 0 0 10517 -260 -5416 -27543 -26156 74259 1113  
117 1421 1512 1412 1611 0 0 0 0 0 10732 1946 -4424 -26897 -23546 73398 1116  
118 1381 1509 1408 1581 0 0 0 0 0 16646 3190 -2873 -10596 -25706 76079 1120  
119 1353 1493 1389 1557 0 0 0 0 0 14333 75 -2133 -6869 -25057 76734 1125  
120 1337 1494 1389 1568 0 0 0 0 0 12245 -1930 56 -5300 -31554 84131 1127  
121 1331 1483 1345 1561 0 0 0 0 0 4525 2103 1735 -16024 -23152 91985 1129  
122 1295 1460 1327 1551 0 0 0 0 0 4322 -973 2696 -14092 -31528 97925 1130  
123 1302 1443 1310 1567 0 0 0 0 0 -1506 -2782 2520 -28658 -33389 100268 1129  
124 1304 1427 1309 1585 0 0 0 0 0 -7447 -4550 2147 -38015 -40968 100941 1128  
125 1332 1404 1305 1583 0 0 0 0 0 -12372 -2418 -1093 -52125 -37437 88771 1126  
126 1361 1344 1321 1594 0 0 0 0 0 -15999 -10595 -6346 -72494 -52411 64110 1127  
127 1362 1331 1348 1582 0 0 0 0 0 -15188 -7013 -7627 -66178 -59480 51182 1126  
128 1335 1426 1356 1507 0 0 0 0 0 13827 507 -3789 -14670 -25502 60644 1127  
129 1274 1493 1409 1510 0 0 0 0 0 28001 4702 1845 32045 -40123 82503 1126  
130 1348 1421 1359 1549 0 0 0 0 0 6687 -104 -2463 -29209 -34570 65722 1126  
131 1394 1436 1327 1545 0 0 0 0 0 -9808 12352 -1817 -43901 -10466 65255 1129  
132 1327 1436 1410 1613 0 0 0 0 0 -75 -7437 1357 -23488 -65261 78248 1127  
133 1299 1498 1428 1563 0 0 0 0 0 15899 -11901 2313 15965 -48696 83510 1123  
134 1279 1486 1434 1592 0 0 0 0 0 18710 -5733 3601 12564 -65978 91950 1123  
135 1322 1494 1404 1569 0 0 0 0 0 4737 -519 1050 1947 -39479 84202 1119  
136 1301 1399 1456 1635 0 0 0 0 0 -4196 -21134 -2462 -19981 -98673 69502 1118  
137 1310 1512 1411 1559 0 0 0 0 0 11604 4669 2483 14093 -36957 88377 1116  
138 1293 1349 1475 1699 0 0 0 0 0 -13664 -39596 -1541 -44014 -140778 75661 1113  
139 1361 1820 1248 1549 0 0 0 0 0 -57090 184810 66465 20530 154896 286104 1121  
140 1386 1551 1460 1381 0 0 0 0 0 57812 29895 -27970 64010 27047 23636 1133  
