line Motor1 Motor2 Motor3 Motor4 anglePITCH angleROLL clientPITCH clientROLL clientYAW inputPidPITCH inputPidROLL inputPidYAW outputPidPITCH outputPidROLL outputPidYAW Battery 
0 1053 1051 1059 1054 0 0 0 0 0 10 -1712 -864 -4 -4613 -3922 1218  
1 1052 1050 1059 1052 0 0 0 0 0 55 -1624 -827 312 -4343 -4635 1216  
2 1052 1050 1061 1051 0 0 0 0 0 119 -1390 -1110 193 -4955 -6693 1217  
3 1052 1050 1062 1052 0 0 0 0 0 51 -1717 -919 324 -5730 -6903 1219  
4 1053 1050 1064 1052 0 0 0 0 0 -10 -1471 -933 192 -6619 -7918 1219  
5 1052 1050 1065 1051 0 0 0 0 0 116 -1444 -926 90 -7432 -8814 1219  
6 1053 1050 1067 1052 0 0 0 0 0 114 -1348 -868 494 -7638 -9432 1218  
7 1052 1050 1068 1052 0 0 0 0 0 55 -1379 -795 350 -8565 -9991 1219  
8 1053 1050 1070 1052 0 0 0 0 0 45 -1373 -972 561 -9007 -11681 1219  
9 1054 1050 1072 1052 0 0 0 0 0 164 -1358 -1010 305 -9877 -12836 1218  
10 1053 1050 1073 1051 0 0 0 0 0 112 -1329 -771 863 -10461 -12684 1219  
11 1053 1050 1074 1051 0 0 0 0 0 10 -1480 -736 430 -11333 -13345 1219  
12 1053 1050 1075 1052 0 0 0 0 0 139 -1274 -766 577 -11697 -14221 1219  
13 1053 1050 1078 1051 0 0 0 0 0 91 -1354 -831 640 -12680 -15277 1219  
14 1053 1050 1078 1052 0 0 0 0 0 56 -1273 -751 616 -12892 -15782 1219  
15 1054 1050 1080 1051 0 0 0 0 0 118 -1056 -841 1047 -13167 -16917 1219  
16 1054 1050 1082 1051 0 0 0 0 0 107 -996 -958 895 -13705 -18244 1219  
17 1054 1050 1082 1052 0 0 0 0 0 119 -1071 -762 790 -14176 -18324 1217  
18 1054 1050 1084 1051 0 0 0 0 0 57 -1211 -724 1276 -14673 -18913 1219  
19 1054 1050 1084 1051 0 0 0 0 0 32 -1120 -604 398 -15488 -19098 1219  
20 1054 1050 1087 1051 0 0 0 0 0 131 -1067 -776 1180 -16065 -20523 1219  
21 1057 1050 1092 1053 0 0 0 0 0 26 -1215 -743 1011 -16794 -21103 1218  
22 1059 1050 1095 1054 0 0 0 0 0 102 -1214 -756 1014 -17396 -21906 1218  
23 1059 1050 1096 1053 0 0 0 0 0 103 -1075 -690 1125 -17441 -22366 1219  
24 1067 1050 1107 1060 0 0 0 0 0 16 -1219 -617 1104 -18621 -22718 1218  
25 1095 1054 1135 1085 0 0 0 0 0 51 -1158 -843 880 -18917 -24325 1217  
26 1122 1077 1163 1111 0 0 0 0 0 162 -965 -669 1439 -19323 -24375 1216  
27 1129 1081 1172 1119 0 0 0 0 0 149 -1027 -724 1134 -20328 -25365 1214  
28 1129 1085 1173 1116 0 0 0 0 0 364 -1099 -711 2661 -19337 -26048 1214  
29 1129 1084 1175 1117 0 0 0 0 0 300 -1096 -752 1980 -20914 -26908 1214  
30 1128 1081 1176 1120 0 0 0 0 0 156 -1296 -586 859 -23043 -26912 1214  
31 1131 1086 1183 1120 0 0 0 0 0 106 -1270 -618 3656 -22193 -27636 1214  
32 1159 1105 1204 1149 0 0 0 0 0 140 -1136 -572 -318 -23141 -28051 1211  
33 1182 1137 1237 1172 0 0 0 0 0 0 -1149 -664 4307 -23307 -29057 1209  
34 1199 1150 1250 1193 0 0 0 0 0 588 -1249 -606 1015 -24187 -29449 1206  
35 1197 1164 1254 1196 0 0 0 0 0 37 -1062 -712 3431 -25437 -30565 1206  
36 1201 1165 1251 1198 0 0 0 0 0 154 -1294 -666 994 -24279 -31042 1205  
37 1200 1175 1260 1206 0 0 0 0 0 -81 -799 -771 2195 -24938 -32210 1202  
38 1197 1164 1260 1198 0 0 0 0 0 796 -1186 -522 3712 -28622 -31862 1202  
39 1205 1163 1253 1195 0 0 0 0 0 581 -248 -542 2496 -22128 -32490 1203  
40 1211 1174 1285 1218 0 0 0 0 0 399 -1303 -519 7349 -29658 -32869 1201  
41 1252 1203 1305 1245 0 0 0 0 0 -193 44 -720 1036 -24362 -34346 1195  
42 1259 1212 1316 1246 0 0 0 0 0 272 -1497 -701 2911 -26743 -34874 1195  
43 1254 1207 1318 1250 0 0 0 0 0 110 -1528 -520 3637 -28991 -34824 1194  
44 1253 1194 1322 1242 0 0 0 0 0 774 -511 -623 4734 -29402 -35842 1196  
45 1259 1194 1315 1245 0 0 0 0 0 -391 -1131 -533 30 -28074 -36041 1199  
46 1278 1227 1332 1264 0 0 0 0 0 -645 -298 -553 3041 -27867 -36631 1194  
47 1297 1228 1360 1279 0 0 0 0 0 -349 -2062 -889 2970 -29737 -38748 1192  
48 1293 1225 1370 1286 0 0 0 0 0 502 -689 -449 4187 -34955 -37577 1194  
49 1299 1231 1363 1285 0 0 0 0 0 -457 -592 -390 1572 -30061 -37890 1196  
50 1297 1233 1371 1281 0 0 0 0 0 -3 -1652 -983 5294 -32302 -40748 1194  
51 1300 1230 1364 1282 0 0 0 0 0 794 -280 -186 2478 -29798 -38248 1191  
52 1305 1226 1365 1277 0 0 0 0 0 -501 539 -971 1858 -28196 -42118 1189  
53 1298 1227 1370 1282 0 0 0 0 0 136 -1185 -523 3767 -32454 -40892 1190  
54 1317 1239 1391 1306 0 0 0 0 0 -254 -1607 -593 1645 -35780 -41851 1186  
55 1334 1248 1398 1308 0 0 0 0 0 224 -386 -800 1530 -31849 -43282 1183  
56 1330 1238 1402 1318 0 0 0 0 0 -1133 -2588 -784 -1660 -39060 -43859 1183  
57 1326 1260 1406 1302 0 0 0 0 0 1267 351 -577 8462 -32283 -43935 1181  
58 1337 1250 1401 1304 0 0 0 0 0 -300 -1278 -872 2629 -30812 -45891 1180  
59 1331 1238 1405 1314 0 0 0 0 0 -1190 -1877 -809 -1020 -38082 -46293 1182  
60 1328 1247 1412 1308 0 0 0 0 0 873 -274 -539 6055 -36539 -45964 1182  
61 1349 1261 1422 1323 0 0 0 0 0 1310 -382 -151 4364 -35375 -44845 1176  
62 1373 1286 1442 1340 0 0 0 0 0 -890 33 -820 2546 -31927 -48046 1171  
63 1399 1299 1481 1382 0 0 0 0 0 -1965 -2593 -916 505 -43955 -49363 1161  
64 1445 1345 1483 1404 0 0 0 0 0 -87 331 869 -2817 -29045 -42502 1149  
65 1433 1381 1505 1454 0 0 0 0 0 429 -468 5076 2456 -38805 -22558 1147  
66 1452 1442 1491 1494 0 0 0 0 0 -3741 2786 9096 -496 -25822 727 1145  
67 1462 1468 1459 1590 0 0 0 0 0 -10473 2500 14626 -30714 -30182 34585 1149  
68 1432 1529 1467 1646 0 0 0 0 0 -8233 -342 19602 -21444 -39143 71570 1140  
69 1419 1584 1488 1630 0 0 0 0 0 4324 -2237 19317 4594 -30846 90348 1136  
70 1462 1562 1433 1706 0 0 0 0 0 -15217 -408 18204 -48630 -32721 103898 1122  
71 1384 1586 1422 1710 0 0 0 0 0 -5821 -3628 24765 -25838 -46340 152455 1128  
72 1420 1605 1355 1714 0 0 0 0 0 -10435 14151 20054 -43384 -8438 157099 1133  
73 1390 1567 1384 1700 0 0 0 0 0 -7962 -335 11027 -39471 -36414 135563 1142  
74 1374 1564 1406 1697 0 0 0 0 0 -4569 -7217 7103 -30948 -45352 129017 1150  
75 1412 1548 1395 1669 0 0 0 0 0 -1229 -3155 2324 -42216 -32166 114733 1156  
76 1372 1555 1388 1632 0 0 0 0 0 3221 3843 2209 -22447 -31219 116084 1160  
77 1398 1466 1399 1670 0 0 166 0 0 -18347 -19224 -3309 -62780 -65423 92667 1162  
78 1349 1538 1386 1665 0 0 18333 0 0 19787 875 5406 -31093 -45575 129136 1165  
79 1345 1524 1399 1658 0 0 35999 0 0 42635 -5073 1292 -25516 -52565 116626 1162  
80 1311 1574 1419 1610 0 0 26866 0 0 48257 -827 3586 18131 -39602 127889 1154  
81 1340 1572 1386 1594 0 0 4433 0 0 14670 8140 3182 348 -24376 129585 1143  
82 1353 1552 1363 1627 0 0 0 0 0 922 4068 3416 -28133 -34297 133197 1138  
83 1338 1559 1334 1661 0 0 0 0 0 -14200 -2720 7486 -40586 -38017 155597 1138  
84 1366 1574 1309 1673 0 0 0 0 0 -9289 12255 4766 -43722 -16586 151218 1139  
85 1358 1524 1310 1608 0 0 0 0 0 -14750 4125 -1331 -49252 -25290 128680 1137  
86 1320 1494 1333 1623 0 0 0 0 0 -1068 -5646 -2617 -38216 -43754 121094 1146  
87 1335 1490 1322 1592 0 0 0 0 0 144 5022 -5026 -30109 -23807 107483 1146  
88 1324 1464 1314 1576 0 0 0 0 0 3253 1295 -5625 -33502 -28741 99934 1153  
89 1313 1466 1330 1570 0 0 0 0 0 3374 570 -4683 -23801 -31155 98562 1155  
90 1333 1466 1310 1574 0 0 266 0 0 2715 3133 -3014 -32533 -23950 100926 1155  
91 1343 1454 1277 1609 0 0 20833 0 0 5630 4846 369 -56625 -22111 113373 1148  
92 1302 1481 1318 1575 0 0 9133 0 0 17888 -3016 -400 -19310 -28660 110533 1151  
93 1344 1456 1266 1613 0 0 99 0 0 -12449 3523 1383 -66024 -24400 118033 1149  
94 1341 1438 1252 1640 0 0 0 0 0 -22370 -3632 2677 -83134 -38061 125220 1146  
95 1269 1492 1214 1687 0 0 0 0 -18266 -14295 -9041 -705 -78019 -43687 192796 1146  
96 1310 1457 1233 1666 0 0 0 -21899 -18399 -11738 -23821 -14070 -81659 -34666 155898 1141  
97 1306 1411 1331 1637 0 0 0 -47866 -1466 3590 -59972 -8698 -53663 -67943 105005 1143  
98 1353 1468 1261 1598 0 0 0 -41666 0 1202 -34460 -3175 -60426 -10729 115763 1144  
99 1303 1498 1288 1596 0 0 0 -13366 0 10477 -15636 857 -31114 -26818 130964 1139  
100 1368 1511 1258 1559 0 0 0 0 0 9053 26613 -2673 -43918 17181 116653 1141  
101 1382 1501 1266 1555 0 0 0 0 0 368 17782 -3471 -44814 16831 109638 1144  
102 1317 1527 1305 1543 0 0 0 0 0 19178 8081 -1371 -10131 -189 115899 1151  
103 1363 1536 1261 1529 0 0 0 0 0 9914 15370 -1464 -28729 28944 114077 1151  
104 1380 1535 1218 1566 0 0 0 0 0 -10984 21121 4377 -56637 40375 138191 1142  
105 1430 1501 1152 1627 0 0 0 0 0 -36974 10960 6715 -121861 42193 153688 1136  
106 1363 1501 1203 1646 0 0 0 0 0 -12636 8538 8482 -93629 7444 169113 1143  
107 1360 1465 1212 1672 0 0 0 0 0 -23406 -15047 5162 -110211 -14889 162311 1149  
108 1293 1504 1256 1638 0 0 0 0 0 6832 -17580 5826 -56389 -28715 170501 1160  
109 1420 1481 1169 1640 0 0 0 0 0 -19944 1138 -258 -122340 22992 148258 1158  
110 1329 1631 1194 1552 0 0 0 0 0 18062 35565 5991 -25002 59796 176597 1160  
111 1215 1622 1332 1545 0 0 0 0 0 54560 -11804 3440 56037 -13600 171039 1168  
112 1234 1693 1250 1556 0 0 0 0 0 48016 310 12784 41822 33673 216165 1163  
113 1401 1479 1268 1639 0 0 0 0 0 -64078 -16833 -16262 -89767 -13264 107539 1149  
114 1559 1341 1259 1571 0 0 0 0 0 -49139 -15975 -29002 -146968 11465 19737 1157  
115 1263 1555 1344 1517 0 0 0 0 0 38093 5716 -1856 28748 -9795 117184 1152  
116 1319 1515 1238 1614 0 0 0 0 0 14960 -3133 4618 -47534 -2378 145468 1152  
117 1317 1522 1248 1616 0 0 0 0 0 4159 1248 4795 -42583 -6374 150963 1154  
118 1326 1512 1242 1615 0 0 0 0 0 3042 -1220 2257 -50750 -1149 144586 1150  
119 1336 1499 1248 1611 0 0 0 0 0 1663 -84 -93 -50518 -5569 135838 1147  
120 1334 1503 1246 1603 0 0 0 0 0 2226 -421 -465 -49149 -2091 133960 1148  
121 1319 1513 1248 1605 0 0 0 0 0 3705 1036 880 -42356 -3633 139950 1149  
