line Motor1 Motor2 Motor3 Motor4 anglePITCH angleROLL clientPITCH clientROLL clientYAW inputPidPITCH inputPidROLL inputPidYAW outputPidPITCH outputPidROLL outputPidYAW Battery 
0 1050 1050 1051 1052 0 0 0 0 0 -42 -498 -87 -122 -1499 -309 71  
1 1051 1050 1052 1051 0 0 0 0 0 64 -369 -222 186 -1422 -884 71  
2 1051 1050 1053 1051 0 0 0 0 0 43 -324 -209 171 -1671 -1063 71  
3 1050 1050 1053 1051 0 0 0 0 0 28 -330 -155 104 -1975 -1061 71  
4 1050 1050 1052 1051 0 0 0 0 0 0 -268 -104 76 -1948 -1022 71  
5 1050 1050 1054 1051 0 0 0 0 0 -11 -352 -253 53 -2851 -1675 71  
6 1050 1050 1054 1052 0 0 0 0 0 -20 -333 -119 -8 -3020 -1460 71  
7 1050 1050 1054 1052 0 0 0 0 0 21 -248 -177 172 -3139 -1784 71  
8 1050 1050 1055 1052 0 0 0 0 0 70 -388 -77 274 -3564 -1625 71  
9 1050 1050 1055 1052 0 0 0 0 0 63 -170 -176 309 -3511 -2028 71  
10 1050 1050 1055 1052 0 0 0 0 0 -4 -143 -147 195 -3684 -2121 71  
11 1050 1050 1055 1052 0 0 0 0 0 13 -259 0 295 -4178 -1729 71  
12 1050 1050 1056 1052 0 0 0 0 0 -3 -212 -162 199 -4285 -2300 71  
13 1050 1050 1057 1052 0 0 0 0 0 -6 -379 -109 176 -4941 -2275 71  
14 1050 1050 1056 1052 0 0 0 0 0 25 -189 -40 276 -4532 -2164 71  
15 1050 1050 1057 1053 0 0 0 0 0 14 -301 -35 280 -5341 -2169 71  
16 1050 1050 1057 1053 0 0 0 0 0 1 -231 29 343 -5349 -1978 71  
17 1050 1050 1057 1052 0 0 0 0 0 38 -243 -52 280 -5490 -2233 71  
18 1050 1050 1058 1053 0 0 0 0 0 -12 -147 -126 260 -5582 -2556 71  
19 1050 1050 1057 1052 0 0 0 0 0 7 -71 -51 295 -5514 -2422 71  
20 1050 1050 1057 1053 0 0 0 0 0 13 -103 -24 382 -5747 -2355 71  
21 1050 1050 1058 1053 0 0 0 0 0 9 -211 -35 229 -6176 -2444 71  
22 1050 1050 1059 1053 0 0 0 0 0 36 -76 -181 449 -6064 -2992 71  
23 1050 1050 1058 1053 0 0 0 0 0 -20 -243 -64 229 -6422 -2790 71  
24 1050 1050 1059 1052 0 0 0 0 0 52 -96 -178 485 -6381 -3194 71  
25 1050 1050 1059 1053 0 0 0 0 0 -96 -272 -103 87 -6815 -3138 71  
26 1050 1050 1059 1053 0 0 0 0 0 -2 -185 -58 284 -6960 -3108 71  
27 1050 1050 1060 1053 0 0 0 0 0 54 -134 -71 415 -6919 -3191 71  
28 1050 1050 1060 1053 0 0 0 0 0 22 -187 -152 457 -7340 -3496 71  
29 1050 1050 1060 1053 0 0 0 0 0 12 -118 -70 352 -7236 -3398 71  
30 1050 1050 1060 1054 0 0 0 0 0 0 -166 -21 424 -7654 -3284 71  
31 1050 1050 1060 1053 0 0 0 0 0 41 -80 44 490 -7252 -3074 71  
32 1050 1050 1060 1053 0 0 0 0 0 -63 -15 -34 142 -7520 -3335 71  
33 1050 1050 1061 1054 0 0 0 0 0 73 -337 0 619 -8114 -3232 71  
34 1050 1050 1060 1054 0 0 0 0 0 -12 -113 23 287 -7925 -3145 71  
35 1050 1050 1061 1054 0 0 0 0 0 -124 -176 -175 171 -8445 -3825 71  
36 1050 1050 1061 1053 0 0 0 0 0 88 0 11 586 -7691 -3368 71  
