line Motor1 Motor2 Motor3 Motor4 anglePITCH angleROLL clientPITCH clientROLL clientYAW inputPidPITCH inputPidROLL inputPidYAW outputPidPITCH outputPidROLL outputPidYAW Battery 
0 1053 1050 1058 1053 0 0 0 0 0 -66 -1503 -949 -268 -4104 -4258 1170  
1 1052 1050 1059 1051 0 0 0 0 0 -125 -1572 -1046 -258 -4196 -5675 1169  
2 1053 1050 1060 1051 0 0 0 0 0 -61 -1318 -1099 -193 -4449 -7013 1170  
3 1052 1050 1062 1051 0 0 0 0 0 -64 -1511 -978 -260 -5783 -7483 1171  
4 1053 1050 1063 1050 0 0 0 0 0 16 -1294 -991 -151 -5589 -8537 1171  
5 1053 1050 1065 1050 0 0 0 0 0 -71 -1479 -1011 -281 -6965 -9641 1171  
6 1053 1050 1067 1051 0 0 0 0 0 -75 -1521 -924 -408 -8097 -10283 1171  
7 1053 1050 1067 1050 0 0 0 0 0 -79 -1257 -895 -356 -7521 -11080 1171  
8 1060 1050 1076 1054 0 0 0 0 0 -36 -1325 -945 -364 -8750 -12159 1171  
9 1083 1058 1102 1078 0 0 0 0 0 -69 -1371 -786 -583 -9875 -12396 1171  
10 1102 1073 1121 1093 0 0 0 0 0 -20 -1329 -995 -156 -9686 -14082 1169  
11 1102 1071 1122 1093 0 0 0 0 0 -57 -1214 -930 -496 -10419 -14833 1169  
12 1101 1069 1124 1094 0 0 0 0 0 -25 -1460 -836 -570 -11976 -15369 1169  
13 1102 1069 1124 1093 0 0 0 0 0 -92 -1404 -841 -419 -11729 -16122 1169  
14 1108 1074 1133 1100 0 0 0 0 0 -61 -1400 -903 -404 -12998 -17332 1169  
15 1135 1097 1161 1127 0 0 0 0 0 -108 -1401 -834 -1114 -14037 -17878 1168  
16 1157 1118 1183 1147 0 0 0 0 0 -146 -1363 -816 -885 -13630 -18647 1166  
17 1158 1119 1188 1148 0 0 0 0 0 37 -1243 -883 165 -14861 -19789 1166  
18 1158 1116 1189 1150 0 0 0 0 0 21 -1348 -787 -728 -16057 -20262 1165  
19 1159 1115 1191 1148 0 0 0 0 0 -78 -1181 -905 -211 -16120 -21569 1165  
20 1159 1113 1190 1149 0 0 0 0 0 -188 -1139 -697 -1414 -16554 -21555 1166  
21 1172 1125 1203 1161 0 0 0 0 0 -44 -1280 -692 -1172 -17023 -22204 1165  
22 1199 1153 1233 1185 0 0 0 0 0 303 -1263 -839 651 -16508 -23534 1164  
23 1216 1166 1249 1205 0 0 0 0 0 -51 -1223 -724 -1478 -17975 -23846 1161  
24 1209 1162 1261 1207 0 0 0 0 0 85 -1909 -678 1507 -23886 -24388 1160  
25 1222 1162 1252 1205 0 0 0 0 0 -729 -1247 -795 -3930 -17907 -25663 1159  
26 1218 1161 1260 1205 0 0 0 0 0 -14 -1335 -647 -1343 -20785 -25748 1158  
27 1226 1168 1263 1210 0 0 0 0 0 98 -1189 -600 30 -20988 -26184 1159  
28 1244 1186 1282 1229 0 0 0 0 0 -94 -1228 -684 -1404 -20214 -27122 1157  
29 1270 1213 1312 1260 0 0 0 0 0 -88 -1316 -593 -1331 -22070 -27463 1154  
30 1270 1212 1320 1262 0 0 0 0 0 85 -1342 -681 -130 -25454 -28483 1154  
31 1273 1213 1314 1261 0 0 0 0 0 -127 -1207 -571 -1754 -22087 -28581 1153  
32 1274 1215 1323 1264 0 0 0 0 0 329 -1115 -743 -402 -24753 -29887 1153  
33 1295 1240 1347 1292 0 0 0 0 0 309 -1225 -318 -748 -26978 -28576 1151  
34 1324 1263 1378 1314 0 0 0 0 0 245 -1372 -858 471 -26442 -31494 1147  
35 1341 1281 1389 1330 0 0 0 0 0 -173 -1276 -400 -937 -24675 -30152 1144  
36 1334 1274 1401 1333 0 0 0 0 0 517 -2197 -736 1862 -31836 -32183 1144  
37 1345 1272 1393 1329 0 0 0 0 0 -784 -755 -1009 -2089 -26349 -34161 1142  
38 1344 1275 1393 1332 0 0 0 0 0 -91 -1629 -510 -2561 -27187 -32876 1144  
39 1366 1296 1415 1348 0 0 0 0 0 -354 -824 -637 -843 -25404 -34066 1141  
40 1366 1293 1433 1360 0 0 0 0 0 -267 -1790 -1046 -369 -33648 -36600 1138  
41 1378 1301 1425 1362 0 0 0 0 0 -145 -1876 -908 -1763 -27394 -36784 1134  
42 1370 1287 1435 1362 0 0 0 0 0 -203 -1015 -1240 -2810 -35020 -39475 1133  
43 1367 1292 1434 1359 0 0 0 0 0 632 -1960 -527 317 -33551 -37385 1138  
44 1388 1305 1451 1380 0 0 0 0 0 -776 -1044 -894 -1180 -34063 -39439 1129  
45 1420 1329 1468 1391 0 0 0 0 0 -289 -1188 -1188 -3457 -27634 -41754 1132  
46 1420 1335 1472 1399 0 0 0 0 0 -285 362 -640 -3269 -30164 -40210 1125  
47 1403 1333 1487 1411 0 0 0 0 0 1690 -3505 476 2096 -40919 -36240 1128  
48 1446 1353 1508 1416 0 0 0 0 0 -1437 -191 -1996 -983 -31851 -46737 1121  
49 1472 1408 1497 1451 0 0 0 0 0 -688 6023 2797 -4282 -16965 -27699 1121  
50 1482 1441 1478 1531 0 0 0 0 0 -8072 4249 8918 -23443 -21359 2757 1119  
51 1460 1485 1480 1531 0 0 0 0 0 -404 4329 10525 -6506 -16614 18763 1118  
52 1426 1537 1430 1563 0 0 0 0 0 -1818 8229 17519 -5605 -7397 61281 1116  
53 1408 1545 1422 1556 0 0 0 0 -1533 4426 7404 13557 691 -6307 68002 1120  
54 1389 1528 1417 1566 0 0 0 0 -199 -361 1614 12410 -2260 -16570 72122 1120  
55 1373 1529 1424 1574 0 0 0 0 0 4298 -2392 10725 1505 -24205 76246 1124  
56 1281 1600 1323 1627 0 0 0 0 -22866 3188 821 3594 3614 -17812 156278 1120  
57 1270 1592 1273 1631 0 0 0 0 -48233 -5712 439 -22531 -10343 -8487 183548 1112  
58 1339 1467 1307 1530 0 0 0 0 -55433 -3093 799 -55592 -22229 -9089 90187 1122  
59 1356 1395 1459 1420 0 0 0 0 -33866 4212 -2786 -54311 20865 -33016 2348 1122  
60 1561 1229 1585 1306 0 0 0 0 -10666 -4809 -9478 -63205 -17548 -29881 -170750 1108  
61 1334 1385 1439 1465 0 0 0 0 -2266 6224 -4848 -1616 7098 -47479 20066 1129  
62 1342 1410 1398 1474 0 0 0 0 0 1265 -4966 4208 -1172 -30791 37059 1133  
63 1334 1380 1420 1490 0 0 0 0 0 -333 -8643 1664 -5257 -49543 29734 1135  
64 1345 1399 1407 1471 0 0 0 0 0 -20 -2619 1287 -1686 -33967 29966 1135  
65 1349 1394 1406 1475 0 0 0 0 0 -1604 313 1021 -5142 -35705 29561 1136  
66 1347 1395 1400 1479 0 0 0 0 0 -1578 -2547 1288 -7439 -34656 32189 1138  
67 1350 1393 1411 1467 0 0 0 0 0 855 -122 -604 -2826 -33980 25078 1138  
68 1343 1378 1421 1483 0 0 0 0 0 -288 -2732 -358 -5951 -46797 25263 1136  
