line Motor1 Motor2 Motor3 Motor4 anglePITCH angleROLL clientPITCH clientROLL clientYAW inputPidPITCH inputPidROLL inputPidYAW outputPidPITCH outputPidROLL outputPidYAW Battery 
0 1052 1050 1057 1052 0 0 0 0 0 -144 -1330 -864 -322 -3550 -3876 1149  
1 1053 1050 1058 1052 0 0 0 0 0 -51 -1586 -897 -252 -4356 -4934 1148  
2 1055 1051 1061 1054 0 0 0 0 0 -157 -1331 -728 -164 -4654 -5032 1148  
3 1054 1050 1061 1053 0 0 0 0 0 -48 -1378 -791 -496 -5110 -6035 1150  
4 1053 1050 1061 1051 0 0 0 0 0 -122 -1410 -806 -591 -5790 -6922 1150  
5 1053 1050 1064 1051 0 0 0 0 0 -69 -1213 -1046 -359 -6306 -8841 1150  
6 1052 1050 1064 1051 0 0 0 0 0 -13 -1270 -822 -380 -6902 -8877 1150  
7 1053 1050 1065 1051 0 0 0 0 0 -96 -1101 -833 -481 -7210 -9689 1150  
8 1053 1050 1067 1050 0 0 0 0 0 -71 -1328 -863 -544 -8295 -10687 1150  
9 1054 1050 1068 1051 0 0 0 0 0 -93 -1255 -819 -550 -8622 -11303 1150  
10 1054 1050 1070 1051 0 0 0 0 0 -119 -1061 -763 -757 -9259 -11949 1150  
11 1054 1050 1071 1051 0 0 0 0 0 -129 -1248 -846 -710 -9853 -13099 1150  
12 1055 1050 1072 1051 0 0 0 0 0 -30 -1065 -635 -807 -10328 -12949 1150  
13 1055 1050 1073 1052 0 0 0 0 0 -98 -1299 -535 -653 -11369 -13146 1149  
14 1056 1050 1073 1052 0 0 0 0 0 -168 -1095 -721 -1145 -10811 -14529 1149  
15 1056 1050 1075 1053 0 0 0 0 0 -77 -1128 -501 -659 -12393 -14212 1150  
16 1056 1050 1076 1052 0 0 0 0 0 -101 -1179 -584 -942 -12957 -15159 1150  
17 1057 1050 1078 1052 0 0 0 0 0 -58 -1216 -834 -1179 -13042 -16842 1150  
18 1057 1050 1079 1051 0 0 0 0 0 19 -1004 -727 -714 -13307 -17194 1150  
19 1056 1050 1080 1051 0 0 0 0 0 -50 -882 -644 -985 -13866 -17491 1150  
20 1056 1050 1081 1052 0 0 0 0 0 -99 -1014 -739 -1059 -14365 -18571 1150  
21 1056 1050 1082 1051 0 0 0 0 0 70 -912 -608 -791 -14874 -18761 1150  
22 1055 1050 1083 1051 0 0 0 0 0 -63 -809 -505 -748 -15324 -18918 1150  
23 1056 1050 1084 1052 0 0 0 0 0 -30 -1047 -661 -1036 -16114 -20127 1150  
24 1057 1050 1084 1051 0 0 0 0 0 -68 -903 -611 -1177 -15626 -20566 1150  
25 1055 1050 1087 1051 0 0 0 0 0 -108 -1191 -613 -1163 -17581 -21176 1150  
26 1056 1050 1088 1051 0 0 0 0 0 -72 -1062 -752 -1170 -17185 -22428 1150  
27 1055 1050 1088 1051 0 0 0 0 0 -33 -898 -532 -784 -17894 -22159 1150  
28 1056 1050 1088 1051 0 0 0 0 0 -35 -847 -565 -1455 -17820 -22867 1150  
29 1056 1050 1090 1051 0 0 0 0 0 2 -930 -612 -838 -18606 -23639 1150  
30 1056 1050 1091 1051 0 0 0 0 0 -30 -944 -611 -1199 -19382 -24266 1150  
31 1056 1050 1092 1051 0 0 0 0 0 -91 -822 -599 -1300 -19253 -24786 1150  
32 1057 1050 1093 1050 0 0 0 0 0 14 -955 -596 -1047 -20086 -25374 1150  
33 1057 1050 1094 1050 0 0 0 0 0 47 -749 -640 -1072 -19937 -26141 1150  
34 1057 1050 1095 1050 0 0 0 0 0 20 -680 -536 -794 -20327 -26357 1150  
35 1057 1050 1096 1050 0 0 0 0 0 49 -833 -639 -1162 -20953 -27351 1150  
36 1057 1050 1097 1050 0 0 0 0 0 23 -808 -571 -1098 -21309 -27718 1150  
37 1057 1050 1099 1050 0 0 0 0 0 -24 -897 -644 -1046 -22119 -28617 1150  
38 1058 1050 1099 1050 0 0 0 0 0 -18 -659 -566 -1181 -21811 -28853 1149  
39 1071 1050 1113 1057 0 0 0 0 0 -71 -704 -693 -1093 -22251 -30032 1150  
40 1098 1050 1140 1084 0 0 0 0 0 -160 -962 -472 -1850 -22969 -29729 1149  
41 1123 1063 1169 1110 0 0 0 0 0 -106 -731 -445 -739 -23592 -30072 1148  
42 1153 1086 1196 1137 0 0 0 0 0 28 -640 -669 -1663 -23468 -31517 1145  
43 1179 1113 1223 1164 0 0 0 0 0 -225 -1009 -412 -1634 -24012 -31021 1144  
44 1207 1139 1250 1191 0 0 0 0 0 -43 -886 -431 -2236 -23777 -31554 1142  
45 1232 1164 1281 1216 0 0 0 0 0 130 -377 -731 -815 -25273 -33332 1142  
46 1263 1195 1307 1244 0 0 0 0 0 -244 -766 -398 -1895 -24556 -32538 1141  
47 1286 1216 1332 1271 0 0 0 0 0 -213 -769 -358 -1988 -25575 -32703 1139  
48 1285 1223 1339 1272 0 0 0 0 0 20 -1071 -304 559 -26470 -32791 1138  
49 1290 1218 1334 1275 0 0 0 0 0 -54 -312 -242 -3335 -25625 -32869 1139  
50 1302 1229 1341 1281 0 0 0 0 0 -169 -710 -299 -3760 -23723 -33437 1137  
51 1308 1239 1363 1298 0 0 0 0 0 -780 -496 -513 -2254 -29935 -34687 1136  
52 1333 1266 1392 1321 0 0 0 0 0 842 -1423 -361 1093 -28273 -34529 1133  
53 1369 1287 1413 1352 0 0 0 0 0 -1026 -758 -561 -5198 -27061 -35735 1132  
54 1389 1319 1444 1375 0 0 0 0 0 -572 -424 -251 -430 -27791 -34868 1130  
55 1411 1341 1478 1407 0 0 0 0 0 1273 -1874 -278 304 -33145 -35275 1127  
56 1451 1369 1494 1429 0 0 0 0 0 175 -1322 -447 -4297 -25639 -36519 1124  
57 1475 1394 1525 1457 0 0 0 0 0 -141 -441 -569 -3038 -28145 -37369 1119  
58 1475 1438 1558 1487 0 0 0 0 0 2888 -1032 1946 9217 -33745 -26875 1112  
59 1482 1486 1548 1549 0 0 0 0 0 2186 131 7930 643 -32127 1489 1110  
60 1487 1539 1469 1630 0 0 0 0 0 -10028 1951 17592 -27376 -18382 53337 1105  
61 1399 1562 1483 1625 0 0 0 0 0 -569 -3205 19240 6231 -36350 79176 1099  
62 1415 1528 1449 1612 0 0 0 0 0 -501 -1325 13269 -15089 -31369 71687 1097  
63 1414 1541 1414 1603 0 0 0 0 0 -6663 7405 12500 -18011 -17793 81043 1097  
64 1406 1570 1397 1581 0 0 0 -11100 0 -1740 -833 11364 -5253 -633 88409 1099  
65 1371 1536 1429 1609 0 0 0 -28333 0 1362 -35474 9372 -6144 -36520 90695 1100  
66 1390 1543 1369 1596 0 0 0 -4766 0 -1309 544 9010 -24196 -10556 98540 1099  
67 1359 1549 1391 1603 0 0 0 0 0 -3795 3436 7719 -4532 -21971 101920 1099  
68 1362 1567 1394 1577 0 0 0 0 0 6693 2139 4955 5500 -10546 97139 1110  
69 1392 1564 1372 1572 0 0 566 0 0 1722 8916 2894 -6890 3031 92937 1110  
70 1386 1543 1392 1578 0 0 2899 0 0 2660 3327 684 -7106 -10395 85854 1110  
71 1396 1574 1398 1590 0 0 0 0 0 2808 3336 2118 -3368 -4481 92336 1109  
72 1430 1603 1402 1627 0 0 0 0 0 -2143 6830 3307 -13890 261 100402 1104  
73 1470 1590 1423 1653 0 0 0 0 0 -11172 -3697 2129 -37216 -13089 97848 1093  
74 1453 1610 1443 1683 0 0 0 0 0 -10383 -5771 4596 -29226 -23716 111290 1090  
75 1448 1635 1444 1665 0 0 0 0 0 1619 -5096 4227 -13656 -12696 114776 1091  
76 1485 1608 1400 1650 0 0 0 0 0 -10411 7225 712 -39173 3035 102644 1098  
77 1421 1601 1453 1636 0 0 0 0 0 4241 -9563 636 -4435 -20914 102706 1100  
78 1391 1655 1423 1645 0 0 0 0 0 12551 3924 5447 8957 -5336 125349 1106  
79 1390 1646 1412 1646 0 0 0 0 0 8861 2528 6141 3723 -8214 133609 1109  
80 1408 1656 1373 1637 0 0 6933 0 0 9073 7487 7216 -7346 10637 144995 1111  
81 1404 1636 1370 1685 0 0 5700 633 0 2494 6735 5380 -22888 -6038 144630 1109  
82 1391 1609 1414 1661 0 0 10466 1099 0 6161 -7051 1127 -10881 -24413 130146 1111  
83 1426 1600 1391 1653 0 0 3799 2499 0 -1215 -6481 -617 -32687 -14262 123557 1109  
84 1426 1635 1373 1681 0 0 2566 1833 0 -7161 7845 1580 -25851 1104 132757 1099  
85 1411 1614 1377 1663 0 0 0 0 0 -1076 3990 -755 -22211 -5365 123952 1096  
86 1410 1592 1372 1638 0 0 0 0 0 -735 3814 -2946 -21538 -2782 113200 1099  
87 1393 1583 1380 1619 0 0 0 0 0 2971 1950 -3582 -12176 -5704 107539 1098  
88 1408 1579 1361 1608 0 0 0 0 0 247 5129 -3423 -19131 4676 104258 1101  
89 1417 1563 1358 1614 0 0 10799 0 0 3027 158 -2591 -31160 -191 105021 1099  
90 1422 1582 1379 1572 0 0 3066 0 0 11819 8006 -5457 -10201 11417 89605 1095  
91 1411 1538 1381 1629 0 0 0 0 0 -6486 -5384 -2139 -35837 -16148 98356 1092  
92 1453 1562 1348 1592 0 0 0 0 0 -11208 5528 -2788 -42772 11640 94259 1091  
93 1417 1513 1368 1580 0 0 0 0 0 -3467 -5230 -5459 -31665 -5581 78773 1094  
94 1406 1526 1360 1551 0 0 0 0 0 3738 3802 -4433 -18082 5203 77907 1101  
95 1413 1513 1360 1539 0 0 0 0 0 2856 3484 -5256 -19717 6342 69747 1104  
96 1386 1497 1328 1535 0 0 0 0 0 537 2310 -1508 -24160 5173 80973 1107  
97 1387 1505 1324 1533 0 0 0 0 0 990 4341 -982 -23397 9416 82610 1106  
98 1416 1471 1332 1611 0 0 0 0 0 -10474 -6054 -586 -56356 -13711 83593 1104  
99 1448 1511 1314 1586 0 0 0 0 0 -12875 3674 144 -54543 15551 86056 1099  
100 1451 1439 1354 1660 0 0 0 0 0 -22174 -17281 -1787 -90447 -39952 77396 1092  
101 1463 1535 1327 1632 0 0 0 0 0 -12565 1013 4632 -68059 7248 103581 1087  
102 1429 1525 1343 1687 0 0 0 0 0 -10445 -9884 7412 -74794 -29989 121526 1088  
103 1428 1554 1328 1671 0 0 0 -2233 0 -3962 -9626 7648 -67648 -12919 130263 1084  
104 1395 1558 1355 1680 0 0 0 -18333 0 5488 -19842 6202 -48055 -27451 131606 1084  
105 1389 1639 1334 1627 0 0 766 -9433 0 15997 -2298 8036 -14831 17114 145568 1086  
106 1366 1594 1371 1663 0 0 8499 -4666 0 22641 -9857 4497 -23364 -23644 138289 1087  
107 1401 1601 1361 1634 0 0 14332 0 0 24303 6122 239 -21034 -340 123373 1086  
108 1404 1610 1386 1601 0 0 8466 0 0 22977 8203 -2553 -850 5788 110771 1087  
109 1411 1599 1381 1638 0 0 0 0 0 6976 1542 -1820 -17667 -2094 111460 1094  
110 1439 1568 1388 1663 0 0 0 0 0 -3784 880 -2523 -38748 -11020 106413 1089  
111 1448 1582 1394 1667 0 0 0 0 0 -2113 -5199 -1630 -39334 -12543 107915 1086  
112 1476 1560 1346 1706 0 0 0 0 0 -23380 -4117 2375 -82015 -15349 124125 1084  
113 1461 1616 1378 1684 0 0 0 0 0 -2103 -1335 2102 -42944 -769 125956 1082  
114 1471 1572 1391 1700 0 0 0 0 0 -7273 -3988 -563 -58255 -19995 115977 1083  
115 1497 1600 1399 1667 0 0 0 0 0 -703 5543 -4537 -43960 4557 97195 1090  
116 1507 1559 1414 1668 0 0 0 0 0 -1702 -1689 -6322 -60794 -14048 84783 1096  
117 1489 1532 1461 1668 0 0 0 0 0 -3927 -13380 -7914 -51928 -36305 71161 1099  
118 1513 1589 1414 1623 0 0 0 0 0 775 5434 -3396 -45897 5620 83743 1104  
119 1495 1556 1444 1645 0 0 0 0 0 4112 -899 -4412 -45415 -19648 75559 1103  
120 1505 1629 1419 1628 0 0 0 0 0 8928 13422 -1543 -21893 21938 83884 1095  
121 1533 1554 1440 1637 0 0 0 0 6800 -1667 5081 -533 -50338 -2931 58695 1090  
122 1509 1604 1419 1635 0 0 0 0 7066 4198 4954 8209 -35620 8764 85418 1087  
123 1517 1581 1400 1653 0 0 0 0 0 -10803 2456 1971 -61986 -928 92691 1080  
124 1510 1533 1424 1682 0 0 0 0 0 -10820 -15093 -678 -75434 -31116 82003 1078  
125 1509 1598 1417 1635 0 0 0 0 0 2820 3968 -62 -38219 8248 84314 1079  
126 1497 1552 1419 1686 0 0 0 0 0 -2780 -5367 684 -62150 -22393 87912 1079  
127 1527 1565 1392 1659 0 0 0 0 0 -15484 -5549 1862 -83335 -11712 93575 1075  
128 1483 1557 1413 1678 0 0 0 0 0 -1914 -14267 2923 -60326 -26550 100010 1077  
129 1486 1559 1405 1653 0 0 0 0 0 1757 2911 1359 -59423 -16650 96524 1074  
130 1496 1550 1394 1650 0 0 0 0 0 -3107 -2363 -513 -63484 -10856 88987 1076  
131 1450 1561 1409 1645 0 0 0 0 0 9564 3014 563 -36421 -14233 93238 1082  
132 1497 1543 1383 1613 0 0 0 0 0 8401 10269 -3818 -49718 10741 74531 1082  
133 1460 1566 1383 1585 0 0 0 0 0 8058 13235 -2118 -24405 14412 78159 1086  
134 1467 1550 1371 1566 0 0 0 0 0 9839 10621 -3411 -28224 20647 70439 1088  
135 1455 1517 1359 1564 0 0 0 0 0 5076 7868 -3294 -36224 13090 67179 1092  
136 1441 1490 1337 1538 0 0 0 0 0 2391 7199 -3269 -39571 15383 64142 1095  
137 1440 1477 1329 1540 0 0 0 0 0 -2063 3216 -2428 -44963 13551 64249 1096  
138 1421 1452 1295 1542 0 0 0 0 0 -6444 4858 64 -57938 12349 73456 1096  
139 1411 1455 1290 1541 0 0 0 0 0 -8006 -89 1216 -56899 13300 78750 1098  
140 1465 1397 1336 1523 0 0 0 0 12566 -7201 -3168 2522 -65924 1773 30853 1097  
141 1438 1418 1321 1562 0 0 0 0 13432 -4229 -4978 11969 -67248 -6355 55745 1099  
142 1459 1433 1236 1615 0 0 0 0 400 -19990 3082 6255 -104829 11583 89958 1095  
143 1541 1379 1318 1524 0 0 0 0 29166 -21667 2115 16439 -100519 18783 11580 1092  
144 1439 1424 1268 1616 0 0 -1733 13466 19133 -7720 9128 25976 -95151 -3695 85883 1097  
145 1451 1427 1221 1665 0 0 0 399 699 -25548 -2086 12325 -136968 -5190 116310 1089  
146 1490 1361 1345 1573 0 0 0 0 24333 -10312 -11681 12371 -99832 -23920 22151 1089  
147 1412 1423 1307 1599 0 0 0 0 20666 10701 -10223 24049 -72592 -17907 75751 1097  
148 1405 1527 1281 1585 0 0 0 0 1800 20453 8915 10833 -46433 17073 107371 1098  
149 1426 1486 1327 1606 0 0 0 0 0 12632 573 2232 -55049 -4642 85023 1096  
150 1399 1448 1325 1624 0 0 10566 0 0 14279 -9384 2559 -63637 -24173 88615 1099  
151 1384 1517 1281 1567 0 0 16599 0 0 29695 8980 5956 -40063 15092 106809 1101  
152 1405 1483 1308 1645 0 0 566 0 0 -765 -9408 4824 -67802 -16169 106965 1103  
153 1393 1493 1346 1694 0 0 0 0 0 2736 -11910 6078 -69553 -45146 118166 1104  
154 1475 1529 1308 1706 0 0 0 0 0 -18421 -7749 6753 -100746 -11620 126879 1105  
155 1454 1532 1397 1729 0 0 0 0 0 195 -10407 2993 -80113 -47803 117165 1097  
156 1472 1506 1391 1747 0 0 0 0 0 -13132 -21289 1815 -99391 -57695 114782 1090  
157 1484 1557 1407 1727 0 0 0 0 0 -1941 -13821 2761 -80201 -40802 120300 1082  
158 1502 1613 1450 1723 0 0 0 0 0 10636 1813 2028 -54370 -26058 120602 1075  
159 1510 1617 1485 1719 0 0 0 0 0 16412 4416 -2049 -41330 -28266 104183 1074  
160 1508 1605 1511 1696 0 0 0 0 0 19390 -7130 -4195 -30959 -32611 91616 1071  
161 1447 1538 1563 1669 0 0 0 0 0 -4473 17363 -28070 -8778 -81159 31144 1058  
162 1430 1725 1345 1799 0 0 0 0 0 11311 1249 32068 -54280 -5580 225222 1058  
163 1441 1685 1428 1760 0 0 0 0 0 3310 1518 12723 -36749 -29310 169314 1058  
