line Motor1 Motor2 Motor3 Motor4 anglePITCH angleROLL clientPITCH clientROLL clientYAW inputPidPITCH inputPidROLL inputPidYAW outputPidPITCH outputPidROLL outputPidYAW Battery 
0 1083 1080 1089 1084 0 0 0 0 0 127 -930 -521 350 -2520 -1849 1120  
1 1087 1083 1095 1089 0 0 0 0 0 67 -866 -537 267 -3244 -2389 1106  
2 1087 1082 1096 1090 0 0 0 0 0 64 -935 -473 232 -4072 -2728 1104  
3 1087 1081 1099 1091 0 0 0 0 0 33 -970 -554 314 -5104 -3495 1103  
4 1087 1080 1100 1089 0 0 0 0 0 67 -739 -628 639 -5290 -4349 1104  
5 1087 1077 1101 1090 0 0 0 0 0 7 -826 -594 259 -6597 -4938 1104  
6 1089 1076 1103 1089 0 0 0 0 0 26 -655 -860 330 -6635 -6398 1104  
7 1085 1078 1104 1091 0 0 0 0 0 6 -796 -305 1000 -8102 -5265 1104  
8 1086 1074 1105 1091 0 0 0 0 0 71 -579 -535 140 -8746 -6351 1104  
9 1087 1077 1107 1090 0 0 0 0 0 108 -828 -694 732 -9288 -7437 1104  
10 1086 1074 1107 1091 0 0 0 0 0 43 -877 -364 782 -9495 -6879 1104  
11 1085 1072 1109 1093 0 0 0 0 0 -2 -804 -377 222 -11604 -7480 1103  
12 1085 1071 1111 1092 0 0 0 0 0 123 -671 -502 1113 -11531 -8284 1103  
13 1084 1068 1112 1092 0 0 0 0 0 1 -815 -511 877 -12852 -8777 1104  
14 1084 1070 1114 1091 0 0 0 0 0 176 -774 -557 1324 -12836 -9376 1103  
15 1084 1068 1115 1093 0 0 0 0 0 61 -780 -543 478 -14420 -9983 1104  
16 1084 1067 1117 1091 0 0 0 0 0 121 -731 -635 1463 -14544 -10844 1103  
17 1084 1065 1118 1093 0 0 0 0 0 43 -654 -534 1079 -15322 -11076 1103  
