line Motor1 Motor2 Motor3 Motor4 anglePITCH angleROLL clientPITCH clientROLL clientYAW inputPidPITCH inputPidROLL inputPidYAW outputPidPITCH outputPidROLL outputPidYAW Battery 
0 1087 1085 1092 1090 0 0 0 0 0 3 -849 -288 25 -2429 -993 1105  
1 1088 1085 1096 1091 0 0 0 0 0 43 -961 -460 189 -3346 -1903 1101  
2 1087 1083 1095 1091 0 0 0 0 0 38 -798 -248 -112 -3757 -1644 1104  
3 1086 1082 1097 1091 0 0 0 0 0 49 -865 -404 392 -5198 -2489 1104  
4 1087 1081 1097 1091 0 0 0 0 0 -7 -688 -418 60 -4776 -2862 1104  
5 1085 1080 1100 1092 0 0 0 0 0 102 -936 -340 785 -6582 -3004 1104  
6 1085 1078 1100 1093 0 0 0 0 0 34 -820 -316 102 -6950 -3274 1104  
7 1084 1078 1103 1093 0 0 0 0 0 120 -799 -279 973 -8435 -3475 1104  
8 1086 1076 1101 1093 0 0 0 0 0 66 -535 -446 -42 -7698 -4323 1104  
9 1083 1074 1105 1094 0 0 0 0 0 8 -912 -468 572 -9950 -4879 1104  
10 1082 1076 1105 1093 0 0 0 0 0 152 -855 -182 1527 -9856 -4310 1104  
11 1083 1074 1106 1096 0 0 0 0 0 56 -790 -207 76 -11038 -4640 1103  
12 1082 1072 1108 1095 0 0 0 0 0 35 -809 -428 768 -11666 -5584 1104  
13 1082 1072 1109 1096 0 0 0 0 0 141 -959 -295 439 -12678 -5541 1103  
14 1080 1070 1112 1095 0 0 0 0 0 61 -682 -538 1505 -13789 -6711 1104  
