line Motor1 Motor2 Motor3 Motor4 anglePITCH angleROLL clientPITCH clientROLL clientYAW inputPidPITCH inputPidROLL inputPidYAW outputPidPITCH outputPidROLL outputPidYAW Battery 
0 1051 1051 1051 1050 0 0 0 0 0 64 91 -118 182 238 -423 71  
1 1051 1051 1051 1051 0 0 0 0 0 64 62 16 210 260 -48 71  
2 1051 1052 1051 1051 0 0 0 0 0 91 87 62 352 266 119 71  
3 1051 1051 1051 1051 0 0 0 0 0 14 43 30 247 505 60 71  
4 1051 1051 1051 1051 0 0 0 0 0 24 -17 -22 359 223 -76 71  
5 1051 1051 1051 1051 0 0 0 0 0 34 30 -33 305 163 -167 71  
6 1051 1051 1051 1050 0 0 0 0 0 63 24 -2 386 415 -68 71  
7 1050 1051 1051 1051 0 0 0 0 0 16 -88 33 404 55 26 71  
8 1050 1051 1051 1051 0 0 0 0 0 36 1 42 526 324 113 71  
9 1050 1051 1051 1051 0 0 0 0 0 40 -43 108 469 133 420 71  
10 1051 1051 1051 1051 0 0 0 0 0 38 70 -46 554 426 -27 71  
11 1050 1051 1051 1050 0 0 0 0 0 25 97 -52 601 451 -129 71  
12 1051 1051 1051 1051 0 0 0 0 0 53 39 35 593 229 151 71  
13 1050 1051 1051 1050 0 0 0 0 0 37 -49 7 723 498 76 71  
14 1050 1051 1051 1050 0 0 0 0 0 26 -92 47 673 84 208 71  
15 1050 1051 1051 1051 0 0 0 0 0 37 -215 -13 718 -499 64 71  
16 1050 1051 1051 1051 0 0 0 0 0 41 -85 112 749 -74 505 71  
17 1050 1052 1051 1051 0 0 0 0 0 72 -49 88 878 -209 507 71  
18 1050 1052 1051 1051 0 0 0 0 0 59 -14 115 970 -22 724 71  
19 1050 1051 1051 1051 0 0 0 0 0 28 -239 114 900 -904 826 71  
20 1050 1052 1051 1051 0 0 0 0 0 66 54 88 1058 -69 841 71  
21 1050 1051 1051 1051 0 0 0 0 0 13 -54 -76 968 -549 341 71  
22 1050 1052 1051 1051 0 0 0 0 0 73 -100 -5 1183 -348 519 71  
23 1050 1051 1051 1051 0 0 0 0 0 54 -32 25 1132 -683 626 71  
24 1050 1051 1051 1051 0 0 0 0 0 15 -85 8 1194 -528 599 71  
25 1050 1051 1052 1051 0 0 0 0 0 45 -130 50 1197 -1224 766 71  
26 1050 1051 1051 1051 0 0 0 0 0 64 -248 51 1282 -1129 790 71  
