line Motor1 Motor2 Motor3 Motor4 anglePITCH angleROLL clientPITCH clientROLL clientYAW inputPidPITCH inputPidROLL inputPidYAW outputPidPITCH outputPidROLL outputPidYAW Battery 
0 1051 1050 1053 1051 0 0 0 0 0 57 -672 -285 214 -1755 -985 1191  
1 1050 1050 1053 1051 0 0 0 0 0 118 -440 -377 388 -1862 -1613 1190  
2 1051 1050 1054 1051 0 0 0 0 0 60 -448 -485 286 -2201 -2351 1190  
3 1051 1050 1055 1051 0 0 0 0 0 79 -452 -403 402 -2661 -2582 1190  
4 1050 1050 1056 1051 0 0 0 0 0 65 -419 -417 542 -3305 -2992 1190  
5 1051 1050 1056 1051 0 0 0 0 0 28 -392 -354 366 -3286 -3229 1190  
6 1050 1050 1057 1052 0 0 0 0 0 50 -572 -339 579 -4304 -3541 1190  
7 1050 1050 1058 1051 0 0 0 0 0 96 -470 -444 673 -4494 -4220 1190  
8 1050 1050 1059 1051 0 0 0 0 0 56 -480 -328 781 -5295 -4282 1190  
9 1051 1050 1061 1051 0 0 0 0 0 57 -599 -456 645 -5924 -5035 1190  
10 1050 1050 1061 1051 0 0 0 0 0 68 -504 -371 872 -6111 -5210 1191  
11 1050 1050 1062 1051 0 0 0 0 0 64 -287 -293 879 -6321 -5324 1190  
12 1050 1050 1063 1051 0 0 0 0 0 41 -437 -357 950 -6775 -5798 1190  
13 1050 1050 1063 1051 0 0 0 0 0 3 -492 -242 783 -7408 -5784 1190  
14 1050 1050 1065 1051 0 0 0 0 0 117 -530 -353 1264 -7809 -6395 1190  
15 1050 1050 1065 1051 0 0 0 0 0 89 -384 -442 1090 -8187 -7079 1190  
16 1050 1050 1066 1052 0 0 0 0 0 18 -428 -221 1139 -8688 -6745 1190  
17 1050 1050 1067 1051 0 0 0 0 0 74 -607 -354 1267 -9582 -7426 1190  
18 1050 1050 1068 1051 0 0 0 0 0 120 -382 -369 1434 -9605 -7848 1190  
19 1050 1050 1068 1051 0 0 0 0 0 119 -375 -324 1595 -9830 -8040 1191  
20 1050 1050 1069 1051 0 0 0 0 0 113 -325 -373 1688 -10087 -8545 1191  
21 1050 1050 1071 1051 0 0 0 0 0 96 -416 -412 1770 -10998 -9064 1190  
22 1050 1050 1072 1052 0 0 0 0 0 53 -630 -363 1659 -11662 -9296 1190  
23 1050 1050 1073 1051 0 0 0 0 0 114 -501 -321 1964 -12045 -9542 1190  
24 1050 1050 1073 1052 0 0 0 0 0 135 -583 -264 2111 -12547 -9647 1189  
25 1050 1050 1074 1052 0 0 0 0 0 109 -468 -251 2246 -13121 -9858 1190  
26 1050 1050 1075 1051 0 0 0 0 0 57 -462 -372 2164 -13418 -10550 1190  
27 1050 1050 1076 1052 0 0 0 0 0 55 -526 -240 2181 -14144 -10459 1190  
28 1050 1050 1077 1052 0 0 0 0 0 125 -413 -360 2537 -14293 -11112 1190  
29 1050 1050 1078 1051 0 0 0 0 0 112 -510 -327 2505 -14977 -11364 1190  
30 1050 1050 1078 1052 0 0 0 0 0 57 -381 -220 2506 -15253 -11309 1191  
31 1050 1050 1079 1052 0 0 0 0 0 33 -588 -350 2435 -15998 -11978 1190  
32 1050 1050 1080 1052 0 0 0 0 0 128 -412 -360 2755 -16238 -12360 1191  
33 1050 1050 1081 1052 0 0 0 0 0 66 -435 -369 2770 -16774 -12737 1190  
34 1050 1050 1078 1054 0 0 0 0 0 251 -223 861 3266 -16053 -9227 1190  
35 1050 1166 1050 1214 0 0 0 0 0 -1256 -2036 44509 -905 -22968 140681 1188  
36 1050 1264 1050 1324 0 0 0 0 0 -2127 -3261 60183 -3408 -26370 245221 1187  
37 1050 1155 1050 1204 0 0 0 0 0 -459 -909 9344 -1311 -22949 130496 1188  
38 1060 1062 1085 1078 0 0 0 0 0 1021 691 -30881 2331 -20312 -1944 1190  
39 1186 1050 1230 1050 0 0 0 0 0 2382 2280 -67677 6697 -14928 -158931 1188  
40 1380 1050 1426 1050 0 0 0 0 0 3359 3211 -100806 10302 -12440 -353978 1187  
41 1190 1050 1239 1050 0 0 0 0 0 1074 258 -18117 7868 -16358 -165523 1189  
42 1066 1070 1087 1090 0 0 0 0 0 -771 -1681 35109 4505 -20918 4090 1190  
43 1050 1141 1050 1190 0 0 0 0 0 -1987 -3208 55440 1301 -25516 116439 1189  
44 1050 1053 1089 1061 0 0 0 0 0 -215 -988 3313 3812 -22893 -10625 1190  
45 1050 1050 1097 1050 0 0 0 0 0 66 -264 -253 4181 -22502 -21425 1191  
46 1050 1050 1099 1051 0 0 0 0 0 75 -545 -211 4181 -23790 -21567 1191  
47 1050 1050 1100 1050 0 0 0 0 0 74 -602 -418 4310 -24079 -22480 1190  
48 1050 1050 1101 1051 0 0 0 0 0 58 -551 -392 4333 -24501 -22789 1189  
49 1050 1050 1101 1050 0 0 0 0 0 93 -363 -332 4398 -24979 -23018 1189  
50 1050 1050 1102 1050 0 0 0 0 0 39 -379 -273 4403 -25217 -23107 1189  
51 1050 1050 1103 1050 0 0 0 0 0 56 -582 -310 4429 -26046 -23536 1190  
52 1050 1050 1104 1051 0 0 0 0 0 74 -556 -278 4620 -26588 -23724 1193  
53 1050 1050 1105 1050 0 0 0 0 0 115 -355 -331 4696 -26739 -24206 1194  
54 1050 1050 1106 1050 0 0 0 0 0 81 -538 -320 4866 -27476 -24464 1194  
55 1050 1050 1107 1050 0 0 0 0 0 118 -460 -287 5017 -27815 -24687 1192  
56 1050 1050 1107 1051 0 0 0 0 0 57 -605 -277 4847 -28524 -24923 1190  
57 1050 1050 1108 1050 0 0 0 0 0 70 -328 -350 5085 -28562 -25479 1190  
58 1050 1050 1110 1050 0 0 0 0 0 91 -574 -330 5081 -29683 -25780 1189  
59 1050 1050 1110 1051 0 0 0 0 0 74 -710 -166 5175 -30563 -25515 1189  
60 1050 1050 1110 1051 0 0 0 0 0 31 -405 -222 5166 -30117 -25885 1190  
61 1050 1050 1111 1051 0 0 0 0 0 84 -192 -317 5328 -30344 -26431 1189  
62 1050 1050 1112 1050 0 0 0 0 0 89 -489 -222 5431 -31066 -26430 1189  
63 1050 1050 1113 1051 0 0 0 0 0 84 -357 -347 5501 -31387 -27084 1190  
